scaling,world,rows,max_value,rank,avg_t,tot_l,avg_l,max_t
w,2,9100000,18200000,0,2611.640453338623,20222454,0.2615471363067627,2611.6394996643066
w,2,9100000,18200000,1,2738.0447387695312,20222454,0.2738481998443604,2738.0928993225098
w,2,9100000,18200000,2,2612.7989292144775,20222454,0.2613314151763916,2738.0928993225098
w,2,9100000,18200000,3,2389.2194032669067,20222454,0.2394251346588135,2738.0928993225098
w,2,9100000,18200000,4,2047.3659038543701,20222454,0.20476968288421632,2738.0928993225098
w,2,9100000,18200000,5,2060.0757598876953,20222454,0.20607373714447022,2738.0928993225098
w,2,9100000,18200000,6,2052.4494647979736,20222454,0.20527846813201905,2738.0928993225098
w,2,9100000,18200000,7,2047.263264656067,20222454,0.20475409030914307,2738.0928993225098
w,2,9100000,18200000,8,2039.6077632904053,20222454,0.20398921966552735,2738.0928993225098
w,2,9100000,18200000,9,2057.0589303970337,20222454,0.2057356834411621,2738.0928993225098
