scaling,world,rows,max_value,rank,avg_t,tot_l,avg_l,max_t
w,2,9100000,18200000,0,2272.2712755203247,20222454,0.22760360240936278,2272.2721099853516
w,2,9100000,18200000,1,2206.637382507324,20222454,0.22069234848022462,2272.2721099853516
w,2,9100000,18200000,2,2179.7298192977905,20222454,0.21800758838653564,2272.2721099853516
w,2,9100000,18200000,3,2162.405490875244,20222454,0.21628081798553467,2272.2721099853516
w,2,9100000,18200000,4,2173.060178756714,20222454,0.2173312187194824,2272.2721099853516
w,2,9100000,18200000,5,2209.3446254730225,20222454,0.22097365856170653,2272.2721099853516
w,2,9100000,18200000,6,2177.947521209717,20222454,0.21783056259155273,2272.2721099853516
w,2,9100000,18200000,7,2167.1481132507324,20222454,0.2167520761489868,2272.2721099853516
w,2,9100000,18200000,8,2177.4240732192993,20222454,0.21777024269104003,2272.2721099853516
w,2,9100000,18200000,9,2192.798376083374,20222454,0.21931049823760987,2272.2721099853516
