scaling,world,rows,max_value,rank,avg_t,tot_l,avg_l,max_t
w,8,9100000,72800000,0,2312.6986920833588,80888085,0.23167080879211427,2312.7355575561523
w,8,9100000,72800000,1,2309.0172708034515,80888085,0.23096210956573487,2312.7355575561523
w,8,9100000,72800000,2,2314.9785697460175,80888085,0.2315913200378418,2315.0203227996826
w,8,9100000,72800000,3,2133.033126592636,80888085,0.21336395740509034,2315.0203227996826
w,8,9100000,72800000,4,2135.8411014080048,80888085,0.2136470317840576,2315.0203227996826
w,8,9100000,72800000,5,2130.3320825099945,80888085,0.21309287548065187,2315.0203227996826
w,8,9100000,72800000,6,2126.07604265213,80888085,0.21275906562805175,2315.0203227996826
w,8,9100000,72800000,7,2101.794868707657,80888085,0.21032338142395018,2315.0203227996826
w,8,9100000,72800000,8,2118.6886727809906,80888085,0.21192798614501954,2315.0203227996826
w,8,9100000,72800000,9,2120.819866657257,80888085,0.21213772296905517,2315.0203227996826
