scaling,world,rows,max_value,rank,avg_t,tot_l,avg_l,max_t
w,1,9100000,9100000,0,3365.1468753814697,10111764,0.33704280853271484,3365.1468753814697
w,1,9100000,9100000,1,3248.140811920166,10111764,0.32483758926391604,3365.1468753814697
w,1,9100000,9100000,2,3245.497703552246,10111764,0.3245617151260376,3365.1468753814697
w,1,9100000,9100000,3,3293.1342124938965,10111764,0.3293255567550659,3365.1468753814697
w,1,9100000,9100000,4,3248.4803199768066,10111764,0.32487127780914304,3365.1468753814697
w,1,9100000,9100000,5,3241.1468029022217,10111764,0.3241272926330566,3365.1468753814697
w,1,9100000,9100000,6,3229.9933433532715,10111764,0.32301156520843505,3365.1468753814697
w,1,9100000,9100000,7,3235.8505725860596,10111764,0.3235975980758667,3365.1468753814697
w,1,9100000,9100000,8,3241.332530975342,10111764,0.324144983291626,3365.1468753814697
w,1,9100000,9100000,9,3187.4217987060547,10111764,0.3187534332275391,3365.1468753814697
