scaling,world,rows,max_value,rank,avg_t,tot_l,avg_l,max_t
w,8,9100000,72800000,0,2142.3678398132324,80888085,0.21464016437530517,2142.3537731170654
w,8,9100000,72800000,1,2111.973524093628,80888085,0.21125419139862062,2142.3537731170654
w,8,9100000,72800000,2,2409.159630537033,80888085,0.2409895420074463,2409.1737270355225
w,8,9100000,72800000,3,2102.2076308727264,80888085,0.21028997898101806,2409.1737270355225
w,8,9100000,72800000,4,2126.047909259796,80888085,0.21266095638275145,2409.1737270355225
w,8,9100000,72800000,5,2317.0827627182007,80888085,0.23178210258483886,2409.1737270355225
w,8,9100000,72800000,6,2145.7305550575256,80888085,0.21465811729431153,2409.1737270355225
w,8,9100000,72800000,7,2150.4561007022858,80888085,0.2151106834411621,2409.1737270355225
w,8,9100000,72800000,8,2138.8266384601593,80888085,0.21394662857055663,2409.1737270355225
w,8,9100000,72800000,9,2271.930754184723,80888085,0.2272468090057373,2409.1737270355225
