scaling,world,rows,max_value,rank,avg_t,tot_l,avg_l,max_t
w,4,9100000,36400000,0,2165.714681148529,40437898,0.21711182594299316,2165.4927730560303
w,4,9100000,36400000,1,2075.0739574432373,40437898,0.2075949192047119,2165.4927730560303
w,4,9100000,36400000,2,2107.7598333358765,40437898,0.2108621835708618,2165.4927730560303
w,4,9100000,36400000,3,2073.475420475006,40437898,0.2074146270751953,2165.4927730560303
w,4,9100000,36400000,4,2083.325445652008,40437898,0.20838620662689208,2165.4927730560303
w,4,9100000,36400000,5,2112.6747727394104,40437898,0.21132268905639648,2165.4927730560303
w,4,9100000,36400000,6,2123.994290828705,40437898,0.21246349811553955,2165.4927730560303
w,4,9100000,36400000,7,2135.3110671043396,40437898,0.2135941743850708,2165.4927730560303
w,4,9100000,36400000,8,2083.4689140319824,40437898,0.2083988904953003,2165.4927730560303
w,4,9100000,36400000,9,2233.5540652275085,40437898,0.22340769767761232,2233.5433959960938
