scaling,world,rows,max_value,rank,avg_t,tot_l,avg_l,max_t
w,8,9100000,72800000,0,2159.36616063118,80888085,0.21633484363555908,2159.332275390625
w,8,9100000,72800000,1,2135.8733475208282,80888085,0.21364254951477052,2159.332275390625
w,8,9100000,72800000,2,2120.855003595352,80888085,0.2121488332748413,2159.332275390625
w,8,9100000,72800000,3,2119.3748712539673,80888085,0.21201095581054688,2159.332275390625
w,8,9100000,72800000,4,2121.6613054275513,80888085,0.21222505569458008,2159.332275390625
w,8,9100000,72800000,5,2134.624570608139,80888085,0.21352438926696776,2159.332275390625
w,8,9100000,72800000,6,2096.959501504898,80888085,0.20974323749542237,2159.332275390625
w,8,9100000,72800000,7,2112.4839186668396,80888085,0.21129133701324462,2159.332275390625
w,8,9100000,72800000,8,2116.968870162964,80888085,0.21176939010620116,2159.332275390625
w,8,9100000,72800000,9,2120.457738637924,80888085,0.21209914684295655,2159.332275390625
