scaling,world,rows,max_value,rank,avg_t,tot_l,elapsed_t,max_t,com_init_t,barrier_t
w,8,9100000,72800000,0,2432.524025440216,80888085,4.122495651245117,19460.19220352173,466.40515327453613,210.42275428771973
w,8,9100000,72800000,1,2110.8031272888184,80888085,0.5869865417480469,19460.19220352173,466.40515327453613,0.12159347534179688
w,8,9100000,72800000,2,2438.6268258094788,80888085,0.6012916564941406,19509.01460647583,466.40515327453613,8.779048919677734
w,8,9100000,72800000,3,2077.408581972122,80888085,0.5719661712646484,19509.01460647583,466.40515327453613,23.882627487182617
w,8,9100000,72800000,4,2081.5537869930267,80888085,0.6463527679443359,19509.01460647583,466.40515327453613,0.13709068298339844
w,8,9100000,72800000,5,2079.716205596924,80888085,0.5342960357666016,19509.01460647583,466.40515327453613,41.52631759643555
w,8,9100000,72800000,6,2224.27037358284,80888085,0.7386207580566406,19509.01460647583,466.40515327453613,18.57137680053711
w,8,9100000,72800000,7,2082.943379878998,80888085,0.5249977111816406,19509.01460647583,466.40515327453613,18.465042114257812
w,8,9100000,72800000,8,2116.9909834861755,80888085,0.6878376007080078,19509.01460647583,466.40515327453613,0.16021728515625
w,8,9100000,72800000,9,2071.6548562049866,80888085,0.49567222595214844,19509.01460647583,466.40515327453613,24.371623992919922
