scaling,world,rows,max_value,rank,avg_t,tot_l,elapsed_t,max_t,com_init_t,barrier_t
w,16,9100000,145600000,0,2440.3015822172165,161774191,4.010677337646484,39044.825315475464,3350.1996994018555,41.58425331115723
w,16,9100000,145600000,1,2306.721955537796,161774191,0.7605552673339844,39044.825315475464,3350.1996994018555,56.77223205566406
w,16,9100000,145600000,2,2306.7844212055206,161774191,0.762939453125,39044.825315475464,3350.1996994018555,219.3605899810791
w,16,9100000,145600000,3,2285.506770014763,161774191,0.74005126953125,39044.825315475464,3350.1996994018555,44.05379295349121
w,16,9100000,145600000,4,2315.501034259796,161774191,0.7498264312744141,39044.825315475464,3350.1996994018555,74.36060905456543
w,16,9100000,145600000,5,2465.7320231199265,161774191,1.0230541229248047,39451.71236991882,3350.1996994018555,29.168128967285156
w,16,9100000,145600000,6,2326.88145339489,161774191,0.6945133209228516,39451.71236991882,3350.1996994018555,21.78668975830078
w,16,9100000,145600000,7,2329.0848284959793,161774191,0.5059242248535156,39451.71236991882,3350.1996994018555,22.87769317626953
w,16,9100000,145600000,8,2357.8505367040634,161774191,0.5812644958496094,39451.71236991882,3350.1996994018555,0.15807151794433594
w,16,9100000,145600000,9,2318.3500915765762,161774191,0.7739067077636719,39451.71236991882,3350.1996994018555,26.070594787597656
