scaling,world,rows,max_value,rank,avg_t,tot_l,elapsed_t,max_t,com_init_t,barrier_t
w,16,9100000,145600000,0,2458.035185933113,161774191,4.18400764465332,39328.56297492981,762.669563293457,29.06489372253418
w,16,9100000,145600000,1,2429.3516278266907,161774191,0.6966590881347656,39328.56297492981,762.669563293457,25.578975677490234
w,16,9100000,145600000,2,2293.6559468507767,161774191,0.8625984191894531,39328.56297492981,762.669563293457,54.651498794555664
w,16,9100000,145600000,3,2137.7856582403183,161774191,0.7598400115966797,39328.56297492981,762.669563293457,40.81845283508301
w,16,9100000,145600000,4,2255.4382234811783,161774191,0.7824897766113281,39328.56297492981,762.669563293457,180.067777633667
w,16,9100000,145600000,5,2281.879559159279,161774191,0.6558895111083984,39328.56297492981,762.669563293457,213.41562271118164
w,16,9100000,145600000,6,2295.789897441864,161774191,0.7965564727783203,39328.56297492981,762.669563293457,53.110361099243164
w,16,9100000,145600000,7,2425.0531792640686,161774191,0.7467269897460938,39328.56297492981,762.669563293457,14.438390731811523
w,16,9100000,145600000,8,2095.3703969717026,161774191,0.7936954498291016,39328.56297492981,762.669563293457,13.594865798950195
w,16,9100000,145600000,9,2112.28246986866,161774191,0.5459785461425781,39328.56297492981,762.669563293457,35.49671173095703
