scaling,world,rows,max_value,rank,avg_t,tot_l,elapsed_t,max_t,com_init_t,barrier_t
w,1,9100000,9100000,0,1840.9359455108643,10111764,3.6110877990722656,1840.9359455108643,162.1568202972412,0.06127357482910156
w,1,9100000,9100000,1,1840.0607109069824,10111764,0.09274482727050781,1840.9359455108643,162.1568202972412,0.01621246337890625
w,1,9100000,9100000,2,1840.4884338378906,10111764,0.21266937255859375,1840.9359455108643,162.1568202972412,0.04839897155761719
w,1,9100000,9100000,3,1828.4881114959717,10111764,0.21386146545410156,1840.9359455108643,162.1568202972412,0.049114227294921875
w,1,9100000,9100000,4,1830.0862312316895,10111764,0.09131431579589844,1840.9359455108643,162.1568202972412,0.013828277587890625
w,1,9100000,9100000,5,1833.9178562164307,10111764,0.19860267639160156,1840.9359455108643,162.1568202972412,0.03719329833984375
w,1,9100000,9100000,6,1832.892656326294,10111764,0.09226799011230469,1840.9359455108643,162.1568202972412,0.013589859008789062
w,1,9100000,9100000,7,1845.0064659118652,10111764,0.20360946655273438,1845.0064659118652,162.1568202972412,0.03981590270996094
w,1,9100000,9100000,8,1835.7186317443848,10111764,0.09226799011230469,1845.0064659118652,162.1568202972412,0.012874603271484375
w,1,9100000,9100000,9,1837.7926349639893,10111764,0.09608268737792969,1845.0064659118652,162.1568202972412,0.015020370483398438
