scaling,world,rows,max_value,rank,avg_t,tot_l,avg_l,max_t
w,2,9100000,18200000,0,2039.2347574234009,20222454,0.2042848825454712,2039.2084121704102
w,2,9100000,18200000,1,2038.989782333374,20222454,0.20392975807189942,2039.2084121704102
w,2,9100000,18200000,2,2018.9014673233032,20222454,0.20193138122558593,2039.2084121704102
w,2,9100000,18200000,3,2021.1379528045654,20222454,0.20215072631835937,2039.2084121704102
w,2,9100000,18200000,4,2022.4627256393433,20222454,0.2022838830947876,2039.2084121704102
w,2,9100000,18200000,5,2020.9383964538574,20222454,0.20212068557739257,2039.2084121704102
w,2,9100000,18200000,6,2020.811915397644,20222454,0.20211403369903563,2039.2084121704102
w,2,9100000,18200000,7,2017.2160863876343,20222454,0.20174863338470458,2039.2084121704102
w,2,9100000,18200000,8,2025.620698928833,20222454,0.20260043144226075,2039.2084121704102
w,2,9100000,18200000,9,2018.4295177459717,20222454,0.20187022686004638,2039.2084121704102
