scaling,world,rows,max_value,rank,avg_t,tot_l,elapsed_t,max_t,com_init_t,barrier_t
w,2,9100000,18200000,0,2063.3639097213745,20222454,3.927469253540039,4126.727819442749,263.58509063720703,6.245613098144531
w,2,9100000,18200000,1,2064.97323513031,20222454,0.278472900390625,4129.94647026062,263.58509063720703,0.07939338684082031
w,2,9100000,18200000,2,2253.0698776245117,20222454,0.38170814514160156,4506.139755249023,263.58509063720703,0.1087188720703125
w,2,9100000,18200000,3,2043.0355072021484,20222454,0.385284423828125,4506.139755249023,263.58509063720703,0.10895729064941406
w,2,9100000,18200000,4,2055.8773279190063,20222454,0.37932395935058594,4506.139755249023,263.58509063720703,0.10514259338378906
w,2,9100000,18200000,5,2040.6544208526611,20222454,0.23174285888671875,4506.139755249023,263.58509063720703,0.8044242858886719
w,2,9100000,18200000,6,2045.7838773727417,20222454,0.35452842712402344,4506.139755249023,263.58509063720703,0.110626220703125
w,2,9100000,18200000,7,2045.2848672866821,20222454,0.24843215942382812,4506.139755249023,263.58509063720703,0.07486343383789062
w,2,9100000,18200000,8,2050.7514476776123,20222454,0.31256675720214844,4506.139755249023,263.58509063720703,0.11777877807617188
w,2,9100000,18200000,9,2043.6792373657227,20222454,0.35881996154785156,4506.139755249023,263.58509063720703,0.09679794311523438
