scaling,world,rows,max_value,rank,avg_t,tot_l,avg_l,max_t
w,16,9100000,145600000,0,2523.1509804725647,161774191,0.2527268648147583,2523.139715194702
w,16,9100000,145600000,1,2487.4494671821594,161774191,0.24881560802459718,2523.139715194702
w,16,9100000,145600000,2,2461.421012878418,161774191,0.24621200561523438,2523.139715194702
w,16,9100000,145600000,3,2492.5868064165115,161774191,0.2493438720703125,2523.139715194702
w,16,9100000,145600000,4,2454.9072831869125,161774191,0.2455592632293701,2523.139715194702
w,16,9100000,145600000,5,2479.2132675647736,161774191,0.24799346923828125,2523.139715194702
w,16,9100000,145600000,6,2488.543689250946,161774191,0.24893219470977784,2523.139715194702
w,16,9100000,145600000,7,2290.5024588108063,161774191,0.2291123867034912,2523.139715194702
w,16,9100000,145600000,8,2128.033310174942,161774191,0.21286776065826415,2523.139715194702
w,16,9100000,145600000,9,2109.394758939743,161774191,0.21100099086761476,2523.139715194702
