scaling,world,rows,max_value,rank,avg_t,tot_l,elapsed_t,max_t,com_init_t,barrier_t
w,2,9100000,18200000,0,2056.3628673553467,20222454,3.7147998809814453,4112.725734710693,350.4979610443115,0.164031982421875
w,2,9100000,18200000,1,2064.8027658462524,20222454,0.2605915069580078,4129.605531692505,350.4979610443115,0.07367134094238281
w,2,9100000,18200000,2,2044.5358753204346,20222454,0.3943443298339844,4129.605531692505,350.4979610443115,0.11229515075683594
w,2,9100000,18200000,3,2041.5422916412354,20222454,0.2734661102294922,4129.605531692505,350.4979610443115,0.08988380432128906
w,2,9100000,18200000,4,2038.6865139007568,20222454,0.39386749267578125,4129.605531692505,350.4979610443115,0.11348724365234375
w,2,9100000,18200000,5,2037.2004508972168,20222454,0.2689361572265625,4129.605531692505,350.4979610443115,0.08082389831542969
w,2,9100000,18200000,6,2037.2467041015625,20222454,0.3542900085449219,4129.605531692505,350.4979610443115,0.11181831359863281
w,2,9100000,18200000,7,2050.0338077545166,20222454,0.3190040588378906,4129.605531692505,350.4979610443115,0.07367134094238281
w,2,9100000,18200000,8,2050.488233566284,20222454,0.3025531768798828,4129.605531692505,350.4979610443115,0.09679794311523438
w,2,9100000,18200000,9,2039.8904085159302,20222454,0.29778480529785156,4129.605531692505,350.4979610443115,3.5245418548583984
