scaling,world,rows,max_value,rank,avg_t,tot_l,elapsed_t,max_t,com_init_t,barrier_t
w,4,9100000,36400000,0,2130.7193636894226,40437898,3.7522315979003906,8522.87745475769,925.8134365081787,37.860870361328125
w,4,9100000,36400000,1,2093.288481235504,40437898,0.28204917907714844,8522.87745475769,925.8134365081787,41.811466217041016
w,4,9100000,36400000,2,2083.7406516075134,40437898,0.4897117614746094,8522.87745475769,925.8134365081787,0.25200843811035156
w,4,9100000,36400000,3,2244.93271112442,40437898,0.44465065002441406,8979.73084449768,925.8134365081787,6.12640380859375
w,4,9100000,36400000,4,2081.75265789032,40437898,0.3292560577392578,8979.73084449768,925.8134365081787,39.71505165100098
w,4,9100000,36400000,5,2095.8049297332764,40437898,0.5164146423339844,8979.73084449768,925.8134365081787,0.2377033233642578
w,4,9100000,36400000,6,2081.418037414551,40437898,0.3800392150878906,8979.73084449768,925.8134365081787,26.10325813293457
w,4,9100000,36400000,7,2080.0337195396423,40437898,0.5643367767333984,8979.73084449768,925.8134365081787,0.15783309936523438
w,4,9100000,36400000,8,2067.7695274353027,40437898,0.3094673156738281,8979.73084449768,925.8134365081787,2.767801284790039
w,4,9100000,36400000,9,2072.017550468445,40437898,0.39649009704589844,8979.73084449768,925.8134365081787,23.05769920349121
