scaling,world,rows,max_value,rank,avg_t,tot_l,avg_l,max_t
w,16,9100000,145600000,0,2485.747843980789,161774191,0.2489854574203491,2485.7187271118164
w,16,9100000,145600000,1,2506.0209333896637,161774191,0.25066823959350587,2506.0477256774902
w,16,9100000,145600000,2,2474.953219294548,161774191,0.2475630521774292,2506.0477256774902
w,16,9100000,145600000,3,2457.2636783123016,161774191,0.2458050489425659,2506.0477256774902
w,16,9100000,145600000,4,2505.557969212532,161774191,0.25062336921691897,2506.0477256774902
w,16,9100000,145600000,5,2470.4142063856125,161774191,0.24711267948150634,2506.0477256774902
w,16,9100000,145600000,6,2565.7258331775665,161774191,0.2569474458694458,2565.62876701355
w,16,9100000,145600000,7,2148.2779532670975,161774191,0.2148812532424927,2565.62876701355
w,16,9100000,145600000,8,2315.8240765333176,161774191,0.2316521167755127,2565.62876701355
w,16,9100000,145600000,9,2323.5833644866943,161774191,0.23242602348327637,2565.62876701355
