scaling,world,rows,max_value,rank,avg_t,tot_l,avg_l,max_t
w,4,9100000,36400000,0,2089.483618736267,40437898,0.2093247652053833,2089.480400085449
w,4,9100000,36400000,1,2262.451946735382,40437898,0.226287317276001,2262.4456882476807
w,4,9100000,36400000,2,2066.7701959609985,40437898,0.2067250967025757,2262.4456882476807
w,4,9100000,36400000,3,2062.1907711029053,40437898,0.2062605857849121,2262.4456882476807
w,4,9100000,36400000,4,2072.1219778060913,40437898,0.20725886821746825,2262.4456882476807
w,4,9100000,36400000,5,2073.0958580970764,40437898,0.20735714435577393,2262.4456882476807
w,4,9100000,36400000,6,2065.592586994171,40437898,0.20660905838012694,2262.4456882476807
w,4,9100000,36400000,7,2077.080190181732,40437898,0.20776042938232422,2262.4456882476807
w,4,9100000,36400000,8,2062.6973509788513,40437898,0.20631816387176513,2262.4456882476807
w,4,9100000,36400000,9,2048.727810382843,40437898,0.20491580963134765,2262.4456882476807
