scaling,world,rows,max_value,rank,avg_t,tot_l,avg_l,max_t
w,4,9100000,36400000,0,2139.449894428253,40437898,0.21432721614837646,2139.4522190093994
w,4,9100000,36400000,1,2095.306873321533,40437898,0.20957355499267577,2139.4522190093994
w,4,9100000,36400000,2,2096.836805343628,40437898,0.20972962379455568,2139.4522190093994
w,4,9100000,36400000,3,2097.6749658584595,40437898,0.20980527400970458,2139.4522190093994
w,4,9100000,36400000,4,2118.4743642807007,40437898,0.2119032621383667,2139.4522190093994
w,4,9100000,36400000,5,2122.216045856476,40437898,0.21227426528930665,2139.4522190093994
w,4,9100000,36400000,6,2121.315121650696,40437898,0.2121838092803955,2139.4522190093994
w,4,9100000,36400000,7,2113.1680607795715,40437898,0.21136770248413086,2139.4522190093994
w,4,9100000,36400000,8,2085.269868373871,40437898,0.20858073234558105,2139.4522190093994
w,4,9100000,36400000,9,2108.932316303253,40437898,0.21093473434448243,2139.4522190093994
