scaling,world,rows,max_value,rank,avg_t,tot_l,elapsed_t,max_t,com_init_t,barrier_t
w,1,9100000,9100000,0,1843.9481258392334,10111764,3.625631332397461,1843.9481258392334,157.65833854675293,0.060558319091796875
w,1,9100000,9100000,1,1825.1116275787354,10111764,0.09107589721679688,1843.9481258392334,157.65833854675293,0.013828277587890625
w,1,9100000,9100000,2,1836.5082740783691,10111764,0.20384788513183594,1843.9481258392334,157.65833854675293,0.036716461181640625
w,1,9100000,9100000,3,1825.0651359558105,10111764,0.20122528076171875,1843.9481258392334,157.65833854675293,0.03838539123535156
w,1,9100000,9100000,4,1841.7799472808838,10111764,0.091552734375,1843.9481258392334,157.65833854675293,0.014543533325195312
w,1,9100000,9100000,5,1831.7413330078125,10111764,0.2071857452392578,1843.9481258392334,157.65833854675293,0.04363059997558594
w,1,9100000,9100000,6,1840.1196002960205,10111764,0.09655952453613281,1843.9481258392334,157.65833854675293,0.01430511474609375
w,1,9100000,9100000,7,1836.5507125854492,10111764,0.202178955078125,1843.9481258392334,157.65833854675293,0.03743171691894531
w,1,9100000,9100000,8,1843.2211875915527,10111764,0.09441375732421875,1843.9481258392334,157.65833854675293,0.013828277587890625
w,1,9100000,9100000,9,1838.3674621582031,10111764,0.09512901306152344,1843.9481258392334,157.65833854675293,0.013828277587890625
