scaling,world,rows,max_value,rank,avg_t,tot_l,elapsed_t,max_t,com_init_t,barrier_t
w,4,9100000,36400000,0,2085.387945175171,40437898,3.8061141967773438,8341.551780700684,487.2241020202637,1.8620491027832031
w,4,9100000,36400000,1,2052.066445350647,40437898,0.38051605224609375,8341.551780700684,487.2241020202637,6.838798522949219
w,4,9100000,36400000,2,2060.180187225342,40437898,0.45609474182128906,8341.551780700684,487.2241020202637,0.1990795135498047
w,4,9100000,36400000,3,2065.7033920288086,40437898,0.5221366882324219,8341.551780700684,487.2241020202637,0.13828277587890625
w,4,9100000,36400000,4,2092.983305454254,40437898,0.4684925079345703,8371.933221817017,487.2241020202637,0.13113021850585938
w,4,9100000,36400000,5,2090.866267681122,40437898,0.4901885986328125,8371.933221817017,487.2241020202637,0.16689300537109375
w,4,9100000,36400000,6,2090.2057886123657,40437898,0.4699230194091797,8371.933221817017,487.2241020202637,0.11730194091796875
w,4,9100000,36400000,7,2069.2394375801086,40437898,0.4374980926513672,8371.933221817017,487.2241020202637,0.11539459228515625
w,4,9100000,36400000,8,2111.8974685668945,40437898,0.4487037658691406,8447.589874267578,487.2241020202637,0.1595020294189453
w,4,9100000,36400000,9,2063.895523548126,40437898,0.4620552062988281,8447.589874267578,487.2241020202637,0.11515617370605469
