scaling,world,rows,max_value,rank,avg_t,tot_l,elapsed_t,max_t,com_init_t,barrier_t
w,8,9100000,72800000,0,2254.7589540481567,80888085,4.046201705932617,18038.071632385254,462.9709720611572,165.1744842529297
w,8,9100000,72800000,1,2102.8569638729095,80888085,0.4191398620605469,18038.071632385254,462.9709720611572,33.78486633300781
w,8,9100000,72800000,2,2108.2983911037445,80888085,0.6780624389648438,18038.071632385254,462.9709720611572,47.02138900756836
w,8,9100000,72800000,3,2240.0801479816437,80888085,0.7791519165039062,18038.071632385254,462.9709720611572,29.42514419555664
w,8,9100000,72800000,4,2076.4032900333405,80888085,0.5307197570800781,18038.071632385254,462.9709720611572,30.245542526245117
w,8,9100000,72800000,5,2096.24519944191,80888085,0.5402565002441406,18038.071632385254,462.9709720611572,40.16923904418945
w,8,9100000,72800000,6,2120.556890964508,80888085,0.79345703125,18038.071632385254,462.9709720611572,0.14710426330566406
w,8,9100000,72800000,7,2077.5036215782166,80888085,0.4730224609375,18038.071632385254,462.9709720611572,35.85505485534668
w,8,9100000,72800000,8,2229.711502790451,80888085,0.7166862487792969,18038.071632385254,462.9709720611572,0.24580955505371094
w,8,9100000,72800000,9,2216.733992099762,80888085,0.537872314453125,18038.071632385254,462.9709720611572,151.36313438415527
