scaling,world,rows,max_value,rank,avg_t,tot_l,avg_l,max_t
w,1,9100000,9100000,0,2771.3749408721924,10111764,0.2776495933532715,2771.3749408721924
w,1,9100000,9100000,1,2771.111249923706,10111764,0.2771336078643799,2771.3749408721924
w,1,9100000,9100000,2,2768.9859867095947,10111764,0.2769099473953247,2771.3749408721924
w,1,9100000,9100000,3,2766.770839691162,10111764,0.2766998529434204,2771.3749408721924
w,1,9100000,9100000,4,2770.4405784606934,10111764,0.2770665168762207,2771.3749408721924
w,1,9100000,9100000,5,2764.8255825042725,10111764,0.2764931917190552,2771.3749408721924
w,1,9100000,9100000,6,2800.036668777466,10111764,0.2800264835357666,2800.036668777466
w,1,9100000,9100000,7,2772.9544639587402,10111764,0.2773066520690918,2800.036668777466
w,1,9100000,9100000,8,2764.345169067383,10111764,0.2764455318450928,2800.036668777466
w,1,9100000,9100000,9,2749.9845027923584,10111764,0.27501983642578126,2800.036668777466
