scaling,world,rows,max_value,rank,avg_t,tot_l,elapsed_t,max_t,com_init_t,barrier_t
w,2,9100000,18200000,0,2089.5943641662598,20222454,3.679037094116211,4179.1887283325195,258.3022117614746,0.1888275146484375
w,2,9100000,18200000,1,2095.0533151626587,20222454,0.2918243408203125,4190.106630325317,258.3022117614746,0.08130073547363281
w,2,9100000,18200000,2,2071.8274116516113,20222454,0.3864765167236328,4190.106630325317,258.3022117614746,0.11420249938964844
w,2,9100000,18200000,3,2064.5554065704346,20222454,0.3705024719238281,4190.106630325317,258.3022117614746,0.08225440979003906
w,2,9100000,18200000,4,2075.5271911621094,20222454,0.36835670471191406,4190.106630325317,258.3022117614746,0.11324882507324219
w,2,9100000,18200000,5,2061.9144439697266,20222454,0.40340423583984375,4190.106630325317,258.3022117614746,0.11467933654785156
w,2,9100000,18200000,6,2060.055732727051,20222454,0.2961158752441406,4190.106630325317,258.3022117614746,0.08440017700195312
w,2,9100000,18200000,7,2050.4308938980103,20222454,0.2727508544921875,4190.106630325317,258.3022117614746,0.09703636169433594
w,2,9100000,18200000,8,2053.3725023269653,20222454,0.4010200500488281,4190.106630325317,258.3022117614746,0.09655952453613281
w,2,9100000,18200000,9,2054.500937461853,20222454,0.26726722717285156,4190.106630325317,258.3022117614746,0.07987022399902344
