scaling,world,rows,max_value,rank,avg_t,tot_l,avg_l,max_t
w,1,9100000,9100000,0,2776.9615650177,10111764,0.278207802772522,2776.9615650177
w,1,9100000,9100000,1,2773.1337547302246,10111764,0.2773351430892944,2776.9615650177
w,1,9100000,9100000,2,2771.0578441619873,10111764,0.277116584777832,2776.9615650177
w,1,9100000,9100000,3,2775.3918170928955,10111764,0.27756152153015134,2776.9615650177
w,1,9100000,9100000,4,2782.0920944213867,10111764,0.27823097705841066,2782.0920944213867
w,1,9100000,9100000,5,2772.8264331817627,10111764,0.27729387283325196,2782.0920944213867
w,1,9100000,9100000,6,2774.4228839874268,10111764,0.2774640083312988,2782.0920944213867
w,1,9100000,9100000,7,2774.8618125915527,10111764,0.27749760150909425,2782.0920944213867
w,1,9100000,9100000,8,2844.259738922119,10111764,0.2844473600387573,2844.259738922119
w,1,9100000,9100000,9,2773.444652557373,10111764,0.27735564708709715,2844.259738922119
