scaling,world,rows,max_value,rank,avg_t,tot_l,avg_l,max_t
w,8,9100000,72800000,0,2258.3847641944885,80888085,0.22623450756073,2258.3415508270264
w,8,9100000,72800000,1,2221.580356359482,80888085,0.22220494747161865,2258.3415508270264
w,8,9100000,72800000,2,2061.863988637924,80888085,0.20625391006469726,2258.3415508270264
w,8,9100000,72800000,3,2228.0496060848236,80888085,0.22286593914031982,2258.3415508270264
w,8,9100000,72800000,4,2212.9573822021484,80888085,0.2213728427886963,2258.3415508270264
w,8,9100000,72800000,5,2067.6840245723724,80888085,0.20682799816131592,2258.3415508270264
w,8,9100000,72800000,6,2071.688622236252,80888085,0.20722053050994874,2258.3415508270264
w,8,9100000,72800000,7,2068.449765443802,80888085,0.20688843727111816,2258.3415508270264
w,8,9100000,72800000,8,2081.538677215576,80888085,0.20820932388305663,2258.3415508270264
w,8,9100000,72800000,9,2078.6267817020416,80888085,0.20791022777557372,2258.3415508270264
