scaling,world,rows,max_value,rank,avg_t,tot_l,avg_l,max_t
w,16,9100000,145600000,0,2435.50768494606,161774191,0.24396007061004638,2435.5311393737793
w,16,9100000,145600000,1,2285.3581309318542,161774191,0.2286208152770996,2435.5311393737793
w,16,9100000,145600000,2,2257.0508867502213,161774191,0.22578878402709962,2435.5311393737793
w,16,9100000,145600000,3,2681.8558126688004,161774191,0.2682816743850708,2681.8509101867676
w,16,9100000,145600000,4,2242.2134578227997,161774191,0.22430205345153809,2681.8509101867676
w,16,9100000,145600000,5,2120.8117604255676,161774191,0.21214804649353028,2681.8509101867676
w,16,9100000,145600000,6,2128.62990796566,161774191,0.21292974948883056,2681.8509101867676
w,16,9100000,145600000,7,2251.4892667531967,161774191,0.22522263526916503,2681.8509101867676
w,16,9100000,145600000,8,2262.7298682928085,161774191,0.2263564348220825,2681.8509101867676
w,16,9100000,145600000,9,2258.5691660642624,161774191,0.2259305953979492,2681.8509101867676
