scaling,world,rows,max_value,rank,avg_t,tot_l,avg_l,max_t
w,2,9100000,18200000,0,2054.7358989715576,20222454,0.205857253074646,2054.692029953003
w,2,9100000,18200000,1,2048.323392868042,20222454,0.20487625598907472,2054.692029953003
w,2,9100000,18200000,2,2033.0556631088257,20222454,0.2033597469329834,2054.692029953003
w,2,9100000,18200000,3,2032.2157144546509,20222454,0.20326242446899415,2054.692029953003
w,2,9100000,18200000,4,2050.417423248291,20222454,0.2050976037979126,2054.692029953003
w,2,9100000,18200000,5,2029.475450515747,20222454,0.202996826171875,2054.692029953003
w,2,9100000,18200000,6,2028.8153886795044,20222454,0.20292015075683595,2054.692029953003
w,2,9100000,18200000,7,2027.7507305145264,20222454,0.20281240940093995,2054.692029953003
w,2,9100000,18200000,8,2037.0696783065796,20222454,0.20374724864959717,2054.692029953003
w,2,9100000,18200000,9,2032.1533679962158,20222454,0.20325193405151368,2054.692029953003
