scaling,world,rows,max_value,rank,avg_t,tot_l,avg_l,max_t
w,16,9100000,145600000,0,2455.9351801872253,161774191,0.24600160121917725,2455.935478210449
w,16,9100000,145600000,1,2275.0507593154907,161774191,0.2275862693786621,2455.935478210449
w,16,9100000,145600000,2,2250.316098332405,161774191,0.22511472702026367,2455.935478210449
w,16,9100000,145600000,3,2245.341032743454,161774191,0.22462148666381837,2455.935478210449
w,16,9100000,145600000,4,2264.80370759964,161774191,0.22655973434448243,2455.935478210449
w,16,9100000,145600000,5,2131.052240729332,161774191,0.2131880044937134,2455.935478210449
w,16,9100000,145600000,6,2099.0075916051865,161774191,0.20997209548950196,2455.935478210449
w,16,9100000,145600000,7,2242.0134842395782,161774191,0.22429115772247316,2455.935478210449
w,16,9100000,145600000,8,2234.515741467476,161774191,0.22351958751678466,2455.935478210449
w,16,9100000,145600000,9,2143.2148069143295,161774191,0.21438901424407958,2455.935478210449
