scaling,world,rows,max_value,rank,avg_t,tot_l,elapsed_t,max_t,com_init_t,barrier_t
w,4,9100000,36400000,0,2071.843683719635,40437898,3.8633346557617188,8287.37473487854,512.6347541809082,13.600349426269531
w,4,9100000,36400000,1,2050.1270294189453,40437898,0.4367828369140625,8287.37473487854,512.6347541809082,14.384984970092773
w,4,9100000,36400000,2,2262.150526046753,40437898,0.6246566772460938,9048.602104187012,512.6347541809082,0.1513957977294922
w,4,9100000,36400000,3,2070.4177618026733,40437898,0.5505084991455078,9048.602104187012,512.6347541809082,0.14662742614746094
w,4,9100000,36400000,4,2073.343813419342,40437898,0.5064010620117188,9048.602104187012,512.6347541809082,0.10156631469726562
w,4,9100000,36400000,5,2070.1574087142944,40437898,0.6372928619384766,9048.602104187012,512.6347541809082,0.1742839813232422
w,4,9100000,36400000,6,2077.422797679901,40437898,0.5168914794921875,9048.602104187012,512.6347541809082,0.10967254638671875
w,4,9100000,36400000,7,2055.2636981010437,40437898,0.5729198455810547,9048.602104187012,512.6347541809082,0.18453598022460938
w,4,9100000,36400000,8,2056.018590927124,40437898,0.4558563232421875,9048.602104187012,512.6347541809082,0.10967254638671875
w,4,9100000,36400000,9,2060.432493686676,40437898,0.3719329833984375,9048.602104187012,512.6347541809082,0.133514404296875
