scaling,world,rows,max_value,rank,avg_t,tot_l,avg_l,max_t
w,2,9100000,18200000,0,2041.3377285003662,20222454,0.2045057535171509,2041.3219928741455
w,2,9100000,18200000,1,2034.679889678955,20222454,0.20350143909454346,2041.3219928741455
w,2,9100000,18200000,2,2022.9413509368896,20222454,0.20234160423278807,2041.3219928741455
w,2,9100000,18200000,3,2021.9117403030396,20222454,0.202237868309021,2041.3219928741455
w,2,9100000,18200000,4,2021.653413772583,20222454,0.20221128463745117,2041.3219928741455
w,2,9100000,18200000,5,2026.3137817382812,20222454,0.20266809463500976,2041.3219928741455
w,2,9100000,18200000,6,2021.2987661361694,20222454,0.2021742582321167,2041.3219928741455
w,2,9100000,18200000,7,2017.132043838501,20222454,0.20174870491027833,2041.3219928741455
w,2,9100000,18200000,8,2016.493320465088,20222454,0.20169456005096437,2041.3219928741455
w,2,9100000,18200000,9,2020.4464197158813,20222454,0.20208349227905273,2041.3219928741455
