scaling,world,rows,max_value,rank,avg_t,tot_l,avg_l,max_t
w,2,9100000,18200000,0,2056.9902658462524,20222454,0.20608313083648683,2057.016134262085
w,2,9100000,18200000,1,2051.728129386902,20222454,0.20520830154418945,2057.016134262085
w,2,9100000,18200000,2,2033.7032079696655,20222454,0.20341007709503173,2057.016134262085
w,2,9100000,18200000,3,2037.3858213424683,20222454,0.20376992225646973,2057.016134262085
w,2,9100000,18200000,4,2032.6757431030273,20222454,0.20330605506896973,2057.016134262085
w,2,9100000,18200000,5,2037.9067659378052,20222454,0.20382375717163087,2057.016134262085
w,2,9100000,18200000,6,2031.9918394088745,20222454,0.20323989391326905,2057.016134262085
w,2,9100000,18200000,7,2042.0079231262207,20222454,0.20422890186309814,2057.016134262085
w,2,9100000,18200000,8,2035.1670980453491,20222454,0.20354268550872803,2057.016134262085
w,2,9100000,18200000,9,2038.4546518325806,20222454,0.2038816213607788,2057.016134262085
