scaling,world,rows,max_value,rank,avg_t,tot_l,elapsed_t,max_t,com_init_t,barrier_t
w,4,9100000,36400000,0,2077.6519775390625,40437898,3.7817955017089844,8310.60791015625,506.3619613647461,10.334968566894531
w,4,9100000,36400000,1,2083.516240119934,40437898,0.3705024719238281,8334.064960479736,506.3619613647461,0.11515617370605469
w,4,9100000,36400000,2,2065.7402873039246,40437898,0.4105567932128906,8334.064960479736,506.3619613647461,17.5168514251709
w,4,9100000,36400000,3,2049.3773221969604,40437898,0.4181861877441406,8334.064960479736,506.3619613647461,0.15592575073242188
w,4,9100000,36400000,4,2100.6768345832825,40437898,0.31113624572753906,8402.70733833313,506.3619613647461,0.12421607971191406
w,4,9100000,36400000,5,2094.4290161132812,40437898,0.4794597625732422,8402.70733833313,506.3619613647461,0.1614093780517578
w,4,9100000,36400000,6,2068.7394738197327,40437898,0.2751350402832031,8402.70733833313,506.3619613647461,9.990453720092773
w,4,9100000,36400000,7,2063.45272064209,40437898,0.4489421844482422,8402.70733833313,506.3619613647461,0.1614093780517578
w,4,9100000,36400000,8,2085.7489109039307,40437898,0.3371238708496094,8402.70733833313,506.3619613647461,0.11229515075683594
w,4,9100000,36400000,9,2047.1152663230896,40437898,0.28133392333984375,8402.70733833313,506.3619613647461,5.641937255859375
