scaling,world,rows,max_value,rank,avg_t,tot_l,avg_l,max_t
w,16,9100000,145600000,0,2463.4959846735,161774191,0.24677858352661133,2463.484048843384
w,16,9100000,145600000,1,2233.5642278194427,161774191,0.22343552112579346,2463.484048843384
w,16,9100000,145600000,2,2238.9237880706787,161774191,0.223968768119812,2463.484048843384
w,16,9100000,145600000,3,2263.9594227075577,161774191,0.22647969722747802,2463.484048843384
w,16,9100000,145600000,4,2455.9633880853653,161774191,0.24566762447357177,2463.484048843384
w,16,9100000,145600000,5,2244.3444281816483,161774191,0.22451257705688477,2463.484048843384
w,16,9100000,145600000,6,2229.074388742447,161774191,0.22297685146331786,2463.484048843384
w,16,9100000,145600000,7,2240.653023123741,161774191,0.22415287494659425,2463.484048843384
w,16,9100000,145600000,8,2215.9362584352493,161774191,0.22166810035705567,2463.484048843384
w,16,9100000,145600000,9,2107.1810126304626,161774191,0.21077871322631836,2463.484048843384
