scaling,world,rows,max_value,rank,avg_t,tot_l,avg_l,max_t
w,16,9100000,145600000,0,2435.813218355179,161774191,0.24398839473724365,2435.802221298218
w,16,9100000,145600000,1,2413.2707118988037,161774191,0.24139087200164794,2435.802221298218
w,16,9100000,145600000,2,2256.1420649290085,161774191,0.2256938934326172,2435.802221298218
w,16,9100000,145600000,3,2240.0199472904205,161774191,0.224072265625,2435.802221298218
w,16,9100000,145600000,4,2239.2358034849167,161774191,0.2239957332611084,2435.802221298218
w,16,9100000,145600000,5,2291.862830519676,161774191,0.22926058769226074,2435.802221298218
w,16,9100000,145600000,6,2115.3649389743805,161774191,0.21160173416137695,2435.802221298218
w,16,9100000,145600000,7,2273.48855137825,161774191,0.2274263620376587,2435.802221298218
w,16,9100000,145600000,8,2242.5279915332794,161774191,0.22430925369262694,2435.802221298218
w,16,9100000,145600000,9,2116.547167301178,161774191,0.21171798706054687,2435.802221298218
