scaling,world,rows,max_value,rank,avg_t,tot_l,avg_l,max_t
w,4,9100000,36400000,0,2093.910038471222,40437898,0.20978124141693116,2093.8801765441895
w,4,9100000,36400000,1,2256.141722202301,40437898,0.2256685256958008,2256.1495304107666
w,4,9100000,36400000,2,2065.3123259544373,40437898,0.2065868377685547,2256.1495304107666
w,4,9100000,36400000,3,2111.735165119171,40437898,0.21123969554901123,2256.1495304107666
w,4,9100000,36400000,4,2086.3680243492126,40437898,0.2086873769760132,2256.1495304107666
w,4,9100000,36400000,5,2072.988450527191,40437898,0.20735480785369872,2256.1495304107666
w,4,9100000,36400000,6,2100.1107692718506,40437898,0.2100660800933838,2256.1495304107666
w,4,9100000,36400000,7,2078.3877968788147,40437898,0.20788948535919188,2256.1495304107666
w,4,9100000,36400000,8,2072.965383529663,40437898,0.2073465347290039,2256.1495304107666
w,4,9100000,36400000,9,2269.2330479621887,40437898,0.2269911527633667,2269.3302631378174
