scaling,world,rows,max_value,rank,avg_t,tot_l,avg_l,max_t
w,4,9100000,36400000,0,2090.591311454773,40437898,0.2094397783279419,2090.599298477173
w,4,9100000,36400000,1,2254.410982131958,40437898,0.22549192905426024,2254.4031143188477
w,4,9100000,36400000,2,2047.2491979599,40437898,0.20477006435394288,2254.4031143188477
w,4,9100000,36400000,3,2058.398962020874,40437898,0.20588834285736085,2254.4031143188477
w,4,9100000,36400000,4,2068.0023431777954,40437898,0.206854248046875,2254.4031143188477
w,4,9100000,36400000,5,2057.1370124816895,40437898,0.20576257705688478,2254.4031143188477
w,4,9100000,36400000,6,2073.9715695381165,40437898,0.20745158195495605,2254.4031143188477
w,4,9100000,36400000,7,2051.7133474349976,40437898,0.20522551536560057,2254.4031143188477
w,4,9100000,36400000,8,2046.6420650482178,40437898,0.20470166206359863,2254.4031143188477
w,4,9100000,36400000,9,2043.105661869049,40437898,0.2043452024459839,2254.4031143188477
