scaling,world,rows,max_value,rank,avg_t,tot_l,avg_l,max_t
w,8,9100000,72800000,0,2971.5215265750885,80888085,0.2975518465042114,2971.499443054199
w,8,9100000,72800000,1,2936.9176030158997,80888085,0.29377169609069825,2971.499443054199
w,8,9100000,72800000,2,2779.0438532829285,80888085,0.2779984712600708,2971.499443054199
w,8,9100000,72800000,3,2777.2650122642517,80888085,0.2778123617172241,2971.499443054199
w,8,9100000,72800000,4,2982.907682657242,80888085,0.2983464479446411,2982.9764366149902
w,8,9100000,72800000,5,2802.209794521332,80888085,0.2802860736846924,2982.9764366149902
w,8,9100000,72800000,6,2933.882087469101,80888085,0.2934462547302246,2982.9764366149902
w,8,9100000,72800000,7,2738.1360232830048,80888085,0.2739037752151489,2982.9764366149902
w,8,9100000,72800000,8,2737.8295361995697,80888085,0.273847770690918,2982.9764366149902
w,8,9100000,72800000,9,2826.2595534324646,80888085,0.28267822265625,2982.9764366149902
