scaling,world,rows,max_value,rank,avg_t,tot_l,elapsed_t,max_t,com_init_t,barrier_t
w,4,9100000,36400000,0,2085.902512073517,40437898,3.7200450897216797,8343.610048294067,3290.496349334717,36.12542152404785
w,4,9100000,36400000,1,2063.191533088684,40437898,0.32901763916015625,8343.610048294067,3290.496349334717,26.092052459716797
w,4,9100000,36400000,2,2110.9641194343567,40437898,0.5307197570800781,8443.856477737427,3290.496349334717,76.28035545349121
w,4,9100000,36400000,3,2079.0687799453735,40437898,0.5142688751220703,8443.856477737427,3290.496349334717,0.1709461212158203
w,4,9100000,36400000,4,2067.962408065796,40437898,0.5235671997070312,8443.856477737427,3290.496349334717,0.1819133758544922
w,4,9100000,36400000,5,2054.2620420455933,40437898,0.49567222595214844,8443.856477737427,3290.496349334717,21.911144256591797
w,4,9100000,36400000,6,2088.8862013816833,40437898,0.34332275390625,8443.856477737427,3290.496349334717,0.17118453979492188
w,4,9100000,36400000,7,2079.9957513809204,40437898,0.4916191101074219,8443.856477737427,3290.496349334717,39.77704048156738
w,4,9100000,36400000,8,2056.30099773407,40437898,0.3795623779296875,8443.856477737427,3290.496349334717,19.379615783691406
w,4,9100000,36400000,9,2071.678340435028,40437898,0.408172607421875,8443.856477737427,3290.496349334717,0.13017654418945312
