scaling,world,rows,max_value,rank,avg_t,tot_l,avg_l,max_t
w,8,9100000,72800000,0,3053.9741218090057,80888085,0.3057969570159912,3053.9650917053223
w,8,9100000,72800000,1,2906.4423739910126,80888085,0.29071555137634275,3053.9650917053223
w,8,9100000,72800000,2,2909.8269939422607,80888085,0.2910583972930908,3053.9650917053223
w,8,9100000,72800000,3,2901.8019437789917,80888085,0.290252685546875,3053.9650917053223
w,8,9100000,72800000,4,2917.0102179050446,80888085,0.2917773723602295,3053.9650917053223
w,8,9100000,72800000,5,2889.480382204056,80888085,0.28901689052581786,3053.9650917053223
w,8,9100000,72800000,6,2706.336498260498,80888085,0.2707165479660034,3053.9650917053223
w,8,9100000,72800000,7,2807.2503805160522,80888085,0.2807920932769775,3053.9650917053223
w,8,9100000,72800000,8,2650.63938498497,80888085,0.2651404142379761,3053.9650917053223
w,8,9100000,72800000,9,2887.9471123218536,80888085,0.2888458013534546,3053.9650917053223
