scaling,world,rows,max_value,rank,avg_t,tot_l,elapsed_t,max_t,com_init_t,barrier_t
w,2,9100000,18200000,0,2103.637218475342,20222454,3.732442855834961,4207.274436950684,242.30694770812988,3.8094520568847656
w,2,9100000,18200000,1,2098.082661628723,20222454,0.2961158752441406,4207.274436950684,242.30694770812988,0.07796287536621094
w,2,9100000,18200000,2,2079.9522399902344,20222454,0.43463706970214844,4207.274436950684,242.30694770812988,0.11181831359863281
w,2,9100000,18200000,3,2066.2763118743896,20222454,0.3209114074707031,4207.274436950684,242.30694770812988,0.11563301086425781
w,2,9100000,18200000,4,2076.362371444702,20222454,0.4596710205078125,4207.274436950684,242.30694770812988,0.08153915405273438
w,2,9100000,18200000,5,2066.650867462158,20222454,0.4096031188964844,4207.274436950684,242.30694770812988,0.11134147644042969
w,2,9100000,18200000,6,2078.3636569976807,20222454,0.2696514129638672,4207.274436950684,242.30694770812988,0.08654594421386719
w,2,9100000,18200000,7,2060.040831565857,20222454,0.3559589385986328,4207.274436950684,242.30694770812988,0.09441375732421875
w,2,9100000,18200000,8,2062.1440410614014,20222454,0.6108283996582031,4207.274436950684,242.30694770812988,0.057697296142578125
w,2,9100000,18200000,9,2056.4409494400024,20222454,0.2684593200683594,4207.274436950684,242.30694770812988,0.07843971252441406
