scaling,world,rows,max_value,rank,avg_t,tot_l,avg_l,max_t
w,4,9100000,36400000,0,2122.0009326934814,40437898,0.21257758140563965,2121.9820976257324
w,4,9100000,36400000,1,2071.716547012329,40437898,0.20721535682678222,2121.9820976257324
w,4,9100000,36400000,2,2062.3289346694946,40437898,0.2062962293624878,2121.9820976257324
w,4,9100000,36400000,3,2060.549736022949,40437898,0.20611140727996827,2121.9820976257324
w,4,9100000,36400000,4,2062.6876950263977,40437898,0.2063150405883789,2121.9820976257324
w,4,9100000,36400000,5,2064.6798610687256,40437898,0.20651726722717284,2121.9820976257324
w,4,9100000,36400000,6,2065.616250038147,40437898,0.20661230087280275,2121.9820976257324
w,4,9100000,36400000,7,2083.617091178894,40437898,0.20841236114501954,2121.9820976257324
w,4,9100000,36400000,8,2056.5268993377686,40437898,0.20569980144500732,2121.9820976257324
w,4,9100000,36400000,9,2058.99053812027,40437898,0.20594849586486816,2121.9820976257324
