scaling,world,rows,max_value,rank,avg_t,tot_l,elapsed_t,max_t,com_init_t,barrier_t
w,2,9100000,18200000,0,2070.3632831573486,20222454,3.801584243774414,4140.726566314697,309.01288986206055,0.16760826110839844
w,2,9100000,18200000,1,2068.4874057769775,20222454,0.3528594970703125,4140.726566314697,309.01288986206055,0.07271766662597656
w,2,9100000,18200000,2,2043.126940727234,20222454,0.40650367736816406,4140.726566314697,309.01288986206055,0.10967254638671875
w,2,9100000,18200000,3,2050.697684288025,20222454,0.30231475830078125,4140.726566314697,309.01288986206055,0.07772445678710938
w,2,9100000,18200000,4,2038.7052297592163,20222454,0.43964385986328125,4140.726566314697,309.01288986206055,0.1251697540283203
w,2,9100000,18200000,5,2053.8798570632935,20222454,0.26035308837890625,4140.726566314697,309.01288986206055,0.110626220703125
w,2,9100000,18200000,6,2039.3095016479492,20222454,0.4496574401855469,4140.726566314697,309.01288986206055,0.11897087097167969
w,2,9100000,18200000,7,2044.4660186767578,20222454,0.2803802490234375,4140.726566314697,309.01288986206055,0.07462501525878906
w,2,9100000,18200000,8,2041.8763160705566,20222454,0.4572868347167969,4140.726566314697,309.01288986206055,0.0896453857421875
w,2,9100000,18200000,9,2045.6886291503906,20222454,0.324249267578125,4140.726566314697,309.01288986206055,0.08988380432128906
