scaling,world,rows,max_value,rank,avg_t,tot_l,avg_l,max_t
s,8,568750,4550000,0,146.44137024879456,5053674,0.015015268325805664,146.45051956176758
s,8,568750,4550000,1,114.83317613601685,5053674,0.011519503593444825,146.45051956176758
s,8,568750,4550000,2,123.9522397518158,5053674,0.012448382377624512,146.45051956176758
s,8,568750,4550000,3,119.43718791007996,5053674,0.011985111236572265,146.45051956176758
s,8,568750,4550000,4,116.75143241882324,5053674,0.011716365814208984,146.45051956176758
s,8,568750,4550000,5,115.34970998764038,5053674,0.011571645736694336,146.45051956176758
s,8,568750,4550000,6,116.05814099311829,5053674,0.011646246910095215,146.45051956176758
s,8,568750,4550000,7,115.09343981742859,5053674,0.011548686027526855,146.45051956176758
s,8,568750,4550000,8,114.95426297187805,5053674,0.011535143852233887,146.45051956176758
s,8,568750,4550000,9,115.91559648513794,5053674,0.011629700660705566,146.45051956176758
