scaling,world,rows,max_value,rank,avg_t,tot_l,avg_l,max_t
s,16,284375,4550000,0,77.86022126674652,5053413,0.008168768882751466,77.8651237487793
s,16,284375,4550000,1,66.33342802524567,5053413,0.0066860437393188475,77.8651237487793
s,16,284375,4550000,2,69.84801590442657,5053413,0.007474088668823242,77.8651237487793
s,16,284375,4550000,3,67.86133348941803,5053413,0.006862568855285645,77.8651237487793
s,16,284375,4550000,4,60.59052050113678,5053413,0.006121253967285157,77.8651237487793
s,16,284375,4550000,5,56.45729601383209,5053413,0.0057084083557128905,77.8651237487793
s,16,284375,4550000,6,57.833775877952576,5053413,0.005848288536071777,77.8651237487793
s,16,284375,4550000,7,56.77126348018646,5053413,0.005737853050231933,77.8651237487793
s,16,284375,4550000,8,56.593164801597595,5053413,0.005753469467163086,77.8651237487793
s,16,284375,4550000,9,56.17329478263855,5053413,0.005672001838684082,77.8651237487793
