scaling,world,rows,max_value,rank,avg_t,tot_l,avg_l,max_t
s,1,4550000,4550000,0,1459.625244140625,5056602,0.14644465446472169,1459.625244140625
s,1,4550000,4550000,1,1460.3633880615234,5056602,0.1460496664047241,1460.3633880615234
s,1,4550000,4550000,2,1479.3550968170166,5056602,0.14794838428497314,1479.3550968170166
s,1,4550000,4550000,3,1531.745433807373,5056602,0.15318734645843507,1531.745433807373
s,1,4550000,4550000,4,1557.1258068084717,5056602,0.15573620796203613,1557.1258068084717
s,1,4550000,4550000,5,1533.3170890808105,5056602,0.1533442497253418,1557.1258068084717
s,1,4550000,4550000,6,1534.346342086792,5056602,0.15344910621643065,1557.1258068084717
s,1,4550000,4550000,7,1590.6000137329102,5056602,0.1590745449066162,1590.6000137329102
s,1,4550000,4550000,8,1641.4358615875244,5056602,0.16415672302246093,1641.4358615875244
s,1,4550000,4550000,9,1465.9621715545654,5056602,0.14660913944244386,1641.4358615875244
