scaling,world,rows,max_value,rank,avg_t,tot_l,elapsed_t,max_t,com_init_t,barrier_t
s,4,1137500,4550000,0,269.16396617889404,5057786,3.8232803344726562,1076.6558647155762,5231.9347858428955,2.665996551513672
s,4,1137500,4550000,1,251.5885829925537,5057786,0.457763671875,1076.6558647155762,5231.9347858428955,5.735158920288086
s,4,1137500,4550000,2,241.6331171989441,5057786,0.26726722717285156,1076.6558647155762,5231.9347858428955,5.0506591796875
s,4,1137500,4550000,3,240.20612239837646,5057786,0.3027915954589844,1076.6558647155762,5231.9347858428955,4.432439804077148
s,4,1137500,4550000,4,237.26069927215576,5057786,0.2942085266113281,1076.6558647155762,5231.9347858428955,2.351999282836914
s,4,1137500,4550000,5,238.98082971572876,5057786,0.26988983154296875,1076.6558647155762,5231.9347858428955,3.8030147552490234
s,4,1137500,4550000,6,239.69990015029907,5057786,0.29659271240234375,1076.6558647155762,5231.9347858428955,2.864837646484375
s,4,1137500,4550000,7,247.60353565216064,5057786,0.29850006103515625,1076.6558647155762,5231.9347858428955,10.195732116699219
s,4,1137500,4550000,8,236.9997501373291,5057786,0.2760887145996094,1076.6558647155762,5231.9347858428955,3.91387939453125
s,4,1137500,4550000,9,239.7177219390869,5057786,0.3039836883544922,1076.6558647155762,5231.9347858428955,4.653453826904297
