scaling,world,rows,max_value,rank,avg_t,tot_l,elapsed_t,max_t,com_init_t,barrier_t
s,8,568750,4550000,0,147.3046839237213,5053674,3.603219985961914,1178.4374713897705,444.5493221282959,3.147602081298828
s,8,568750,4550000,1,113.08610439300537,5053674,0.34332275390625,1178.4374713897705,444.5493221282959,1.4524459838867188
s,8,568750,4550000,2,118.52198839187622,5053674,0.4687309265136719,1178.4374713897705,444.5493221282959,2.1982192993164062
s,8,568750,4550000,3,117.61492490768433,5053674,0.40531158447265625,1178.4374713897705,444.5493221282959,0.26345252990722656
s,8,568750,4550000,4,115.25258421897888,5053674,0.35452842712402344,1178.4374713897705,444.5493221282959,2.4628639221191406
s,8,568750,4550000,5,115.18201231956482,5053674,0.37384033203125,1178.4374713897705,444.5493221282959,1.5683174133300781
s,8,568750,4550000,6,111.56633496284485,5053674,0.3592967987060547,1178.4374713897705,444.5493221282959,1.1894702911376953
s,8,568750,4550000,7,111.00906133651733,5053674,0.3674030303955078,1178.4374713897705,444.5493221282959,0.22482872009277344
s,8,568750,4550000,8,112.58131265640259,5053674,0.3921985626220703,1178.4374713897705,444.5493221282959,1.3072490692138672
s,8,568750,4550000,9,113.07549476623535,5053674,0.3674030303955078,1178.4374713897705,444.5493221282959,0.1266002655029297
