scaling,world,rows,max_value,rank,avg_t,tot_l,avg_l,max_t
s,16,284375,4550000,0,80.34124970436096,5053413,0.008417868614196777,80.31773567199707
s,16,284375,4550000,1,65.92150032520294,5053413,0.006656479835510254,80.31773567199707
s,16,284375,4550000,2,69.06342506408691,5053413,0.006970977783203125,80.31773567199707
s,16,284375,4550000,3,71.0996687412262,5053413,0.007177233695983887,80.31773567199707
s,16,284375,4550000,4,60.43042242527008,5053413,0.006101417541503906,80.31773567199707
s,16,284375,4550000,5,56.31762742996216,5053413,0.005681395530700684,80.31773567199707
s,16,284375,4550000,6,55.89167773723602,5053413,0.0056455135345458984,80.31773567199707
s,16,284375,4550000,7,55.799126625061035,5053413,0.005626201629638672,80.31773567199707
s,16,284375,4550000,8,56.34918808937073,5053413,0.0056830644607543945,80.31773567199707
s,16,284375,4550000,9,56.500375270843506,5053413,0.005717611312866211,80.31773567199707
