scaling,world,rows,max_value,rank,avg_t,tot_l,avg_l,max_t
s,1,4550000,4550000,0,904.5624732971191,5056602,0.09081425666809081,904.5624732971191
s,1,4550000,4550000,1,894.7875499725342,5056602,0.08948888778686523,904.5624732971191
s,1,4550000,4550000,2,897.9194164276123,5056602,0.08980178833007812,904.5624732971191
s,1,4550000,4550000,3,894.9296474456787,5056602,0.08950173854827881,904.5624732971191
s,1,4550000,4550000,4,895.8311080932617,5056602,0.08960258960723877,904.5624732971191
s,1,4550000,4550000,5,899.324893951416,5056602,0.08995203971862793,904.5624732971191
s,1,4550000,4550000,6,900.1431465148926,5056602,0.09002296924591065,904.5624732971191
s,1,4550000,4550000,7,902.0764827728271,5056602,0.09022707939147949,904.5624732971191
s,1,4550000,4550000,8,896.8284130096436,5056602,0.08969318866729736,904.5624732971191
s,1,4550000,4550000,9,898.8492488861084,5056602,0.08989403247833253,904.5624732971191
