scaling,world,rows,max_value,rank,avg_t,tot_l,elapsed_t,max_t,com_init_t,barrier_t
s,2,2275000,4550000,0,515.9493684768677,5057593,3.5915374755859375,1031.8987369537354,250.73647499084473,0.21576881408691406
s,2,2275000,4550000,1,493.84546279907227,5057593,0.377655029296875,1031.8987369537354,250.73647499084473,0.1342296600341797
s,2,2275000,4550000,2,483.0210208892822,5057593,0.2741813659667969,1031.8987369537354,250.73647499084473,0.091552734375
s,2,2275000,4550000,3,482.2547435760498,5057593,0.26798248291015625,1031.8987369537354,250.73647499084473,0.08988380432128906
s,2,2275000,4550000,4,482.58912563323975,5057593,0.274658203125,1031.8987369537354,250.73647499084473,0.08869171142578125
s,2,2275000,4550000,5,483.8995933532715,5057593,0.28777122497558594,1031.8987369537354,250.73647499084473,0.09298324584960938
s,2,2275000,4550000,6,480.8248281478882,5057593,0.3571510314941406,1031.8987369537354,250.73647499084473,0.09775161743164062
s,2,2275000,4550000,7,488.4381294250488,5057593,0.2982616424560547,1031.8987369537354,250.73647499084473,0.12922286987304688
s,2,2275000,4550000,8,483.83641242980957,5057593,0.2779960632324219,1031.8987369537354,250.73647499084473,0.12421607971191406
s,2,2275000,4550000,9,485.77940464019775,5057593,0.29349327087402344,1031.8987369537354,250.73647499084473,0.09322166442871094
