scaling,world,rows,max_value,rank,avg_t,tot_l,avg_l,max_t
s,2,2275000,4550000,0,534.2720746994019,5057593,0.05378205776214599,534.2249870300293
s,2,2275000,4550000,1,492.26200580596924,5057593,0.0492795467376709,534.2249870300293
s,2,2275000,4550000,2,482.34081268310547,5057593,0.0482630729675293,534.2249870300293
s,2,2275000,4550000,3,484.0289354324341,5057593,0.048429679870605466,534.2249870300293
s,2,2275000,4550000,4,481.0018539428711,5057593,0.048126387596130374,534.2249870300293
s,2,2275000,4550000,5,483.4092855453491,5057593,0.04836814403533936,534.2249870300293
s,2,2275000,4550000,6,483.3027124404907,5057593,0.048353385925292966,534.2249870300293
s,2,2275000,4550000,7,486.50431632995605,5057593,0.04867548942565918,534.2249870300293
s,2,2275000,4550000,8,486.7997169494629,5057593,0.04871416091918945,534.2249870300293
s,2,2275000,4550000,9,492.3900365829468,5057593,0.049281191825866696,534.2249870300293
