scaling,world,rows,max_value,rank,avg_t,tot_l,avg_l,max_t
s,8,568750,4550000,0,150.51257610321045,5053674,0.015429186820983886,150.49004554748535
s,8,568750,4550000,1,120.22343277931213,5053674,0.012294983863830567,150.49004554748535
s,8,568750,4550000,2,125.35348534584045,5053674,0.012590527534484863,150.49004554748535
s,8,568750,4550000,3,117.41673946380615,5053674,0.01179335117340088,150.49004554748535
s,8,568750,4550000,4,116.65359139442444,5053674,0.011713457107543946,150.49004554748535
s,8,568750,4550000,5,116.9043481349945,5053674,0.011742806434631348,150.49004554748535
s,8,568750,4550000,6,114.55154418945312,5053674,0.011503911018371582,150.49004554748535
s,8,568750,4550000,7,319.3626403808594,5053674,0.03199105262756348,319.3984031677246
s,8,568750,4550000,8,115.58392643928528,5053674,0.01160273551940918,319.3984031677246
s,8,568750,4550000,9,115.67956209182739,5053674,0.011612796783447265,319.3984031677246
