scaling,world,rows,max_value,rank,avg_t,tot_l,elapsed_t,max_t,com_init_t,barrier_t
s,16,284375,4550000,0,78.68027687072754,5053413,3.6957263946533203,1258.8844299316406,779.1776657104492,2.4449825286865234
s,16,284375,4550000,1,60.27489900588989,5053413,0.4684925079345703,1258.8844299316406,779.1776657104492,2.292156219482422
s,16,284375,4550000,2,56.570395827293396,5053413,0.4074573516845703,1258.8844299316406,779.1776657104492,1.1258125305175781
s,16,284375,4550000,3,58.470070362091064,5053413,0.4265308380126953,1258.8844299316406,779.1776657104492,2.3834705352783203
s,16,284375,4550000,4,61.405688524246216,5053413,2.680540084838867,1258.8844299316406,779.1776657104492,1.5270709991455078
s,16,284375,4550000,5,62.199145555496216,5053413,0.5068778991699219,1258.8844299316406,779.1776657104492,1.5556812286376953
s,16,284375,4550000,6,57.295605540275574,5053413,0.39958953857421875,1258.8844299316406,779.1776657104492,1.0676383972167969
s,16,284375,4550000,7,55.61913549900055,5053413,0.5033016204833984,1258.8844299316406,779.1776657104492,0.7269382476806641
s,16,284375,4550000,8,56.68579041957855,5053413,0.44035911560058594,1258.8844299316406,779.1776657104492,1.508951187133789
s,16,284375,4550000,9,56.07198178768158,5053413,0.4506111145019531,1258.8844299316406,779.1776657104492,1.4374256134033203
