scaling,world,rows,max_value,rank,avg_t,tot_l,avg_l,max_t
s,16,284375,4550000,0,78.68237793445587,5053413,0.008249020576477051,78.6895751953125
s,16,284375,4550000,1,61.310917139053345,5053413,0.006196379661560059,78.6895751953125
s,16,284375,4550000,2,63.50839138031006,5053413,0.006422567367553711,78.6895751953125
s,16,284375,4550000,3,69.51995193958282,5053413,0.007020044326782227,78.6895751953125
s,16,284375,4550000,4,62.14824318885803,5053413,0.0062798261642456055,78.6895751953125
s,16,284375,4550000,5,57.327717542648315,5053413,0.005782365798950195,78.6895751953125
s,16,284375,4550000,6,58.03164839744568,5053413,0.005889010429382324,78.6895751953125
s,16,284375,4550000,7,58.14242362976074,5053413,0.005931878089904785,78.6895751953125
s,16,284375,4550000,8,57.794198393821716,5053413,0.005842828750610351,78.6895751953125
s,16,284375,4550000,9,57.740479707717896,5053413,0.00584568977355957,78.6895751953125
