scaling,world,rows,max_value,rank,avg_t,tot_l,avg_l,max_t
s,2,2275000,4550000,0,520.4949378967285,5057593,0.05241398811340332,520.5035209655762
s,2,2275000,4550000,1,497.0855712890625,5057593,0.049741935729980466,520.5035209655762
s,2,2275000,4550000,2,490.83077907562256,5057593,0.04911184310913086,520.5035209655762
s,2,2275000,4550000,3,493.2295083999634,5057593,0.0493544340133667,520.5035209655762
s,2,2275000,4550000,4,487.3613119125366,5057593,0.048760485649108884,520.5035209655762
s,2,2275000,4550000,5,492.3156499862671,5057593,0.049256300926208495,520.5035209655762
s,2,2275000,4550000,6,494.84705924987793,5057593,0.04951279163360596,520.5035209655762
s,2,2275000,4550000,7,490.92066287994385,5057593,0.04911959171295166,520.5035209655762
s,2,2275000,4550000,8,493.7998056411743,5057593,0.049416184425354004,520.5035209655762
s,2,2275000,4550000,9,506.3302516937256,5057593,0.05066401958465576,520.5035209655762
