scaling,world,rows,max_value,rank,avg_t,tot_l,elapsed_t,max_t,com_init_t,barrier_t
s,1,4550000,4550000,0,910.9721183776855,5056602,3.502368927001953,910.9721183776855,146.01469039916992,0.0629425048828125
s,1,4550000,4550000,1,902.3959636688232,5056602,0.08845329284667969,910.9721183776855,146.01469039916992,0.014781951904296875
s,1,4550000,4550000,2,900.9087085723877,5056602,0.08940696716308594,910.9721183776855,146.01469039916992,0.01239776611328125
s,1,4550000,4550000,3,902.9755592346191,5056602,0.09059906005859375,910.9721183776855,146.01469039916992,0.012159347534179688
s,1,4550000,4550000,4,905.9443473815918,5056602,0.20194053649902344,910.9721183776855,146.01469039916992,0.03504753112792969
s,1,4550000,4550000,5,906.3320159912109,5056602,0.1990795135498047,910.9721183776855,146.01469039916992,0.034809112548828125
s,1,4550000,4550000,6,903.6059379577637,5056602,0.08893013000488281,910.9721183776855,146.01469039916992,0.013589859008789062
s,1,4550000,4550000,7,903.9459228515625,5056602,0.18668174743652344,910.9721183776855,146.01469039916992,0.03218650817871094
s,1,4550000,4550000,8,903.4302234649658,5056602,0.10633468627929688,910.9721183776855,146.01469039916992,0.018596649169921875
s,1,4550000,4550000,9,901.9701480865479,5056602,0.08749961853027344,910.9721183776855,146.01469039916992,0.012874603271484375
