scaling,world,rows,max_value,rank,avg_t,tot_l,elapsed_t,max_t,com_init_t,barrier_t
s,2,2275000,4550000,0,501.83653831481934,5057593,3.588438034057617,1003.6730766296387,14365.927696228027,0.12993812561035156
s,2,2275000,4550000,1,487.2012138366699,5057593,0.33974647521972656,1003.6730766296387,14365.927696228027,0.10728836059570312
s,2,2275000,4550000,2,473.42944145202637,5057593,0.2593994140625,1003.6730766296387,14365.927696228027,0.07081031799316406
s,2,2275000,4550000,3,474.50149059295654,5057593,0.2372264862060547,1003.6730766296387,14365.927696228027,0.07987022399902344
s,2,2275000,4550000,4,480.1696538925171,5057593,0.22673606872558594,1003.6730766296387,14365.927696228027,0.08440017700195312
s,2,2275000,4550000,5,478.27696800231934,5057593,0.28252601623535156,1003.6730766296387,14365.927696228027,0.07319450378417969
s,2,2275000,4550000,6,475.6878614425659,5057593,0.2143383026123047,1003.6730766296387,14365.927696228027,0.07748603820800781
s,2,2275000,4550000,7,478.1205654144287,5057593,0.2930164337158203,1003.6730766296387,14365.927696228027,0.07486343383789062
s,2,2275000,4550000,8,480.9495210647583,5057593,0.3476142883300781,1003.6730766296387,14365.927696228027,0.10395050048828125
s,2,2275000,4550000,9,479.16722297668457,5057593,0.21910667419433594,1003.6730766296387,14365.927696228027,0.07843971252441406
