scaling,world,rows,max_value,rank,avg_t,tot_l,elapsed_t,max_t,com_init_t,barrier_t
s,8,568750,4550000,0,147.97526597976685,5053674,3.70025634765625,1183.8021278381348,448.49371910095215,2.5539398193359375
s,8,568750,4550000,1,112.31127381324768,5053674,0.47206878662109375,1183.8021278381348,448.49371910095215,0.736236572265625
s,8,568750,4550000,2,120.40841579437256,5053674,0.5064010620117188,1183.8021278381348,448.49371910095215,3.134489059448242
s,8,568750,4550000,3,117.47041344642639,5053674,0.39768218994140625,1183.8021278381348,448.49371910095215,0.61798095703125
s,8,568750,4550000,4,112.63683438301086,5053674,0.38933753967285156,1183.8021278381348,448.49371910095215,0.3402233123779297
s,8,568750,4550000,5,114.59037661552429,5053674,0.41604042053222656,1183.8021278381348,448.49371910095215,3.224611282348633
s,8,568750,4550000,6,112.72946000099182,5053674,0.40721893310546875,1183.8021278381348,448.49371910095215,2.1839141845703125
s,8,568750,4550000,7,113.21339011192322,5053674,0.3864765167236328,1183.8021278381348,448.49371910095215,2.9909610748291016
s,8,568750,4550000,8,112.54894733428955,5053674,0.39124488830566406,1183.8021278381348,448.49371910095215,0.8099079132080078
s,8,568750,4550000,9,114.40691351890564,5053674,0.3542900085449219,1183.8021278381348,448.49371910095215,2.3200511932373047
