scaling,world,rows,max_value,rank,avg_t,tot_l,avg_l,max_t
s,16,284375,4550000,0,79.68118786811829,5053413,0.008371520042419433,79.71000671386719
s,16,284375,4550000,1,65.09634852409363,5053413,0.006568455696105957,79.71000671386719
s,16,284375,4550000,2,70.04567980766296,5053413,0.007078981399536133,79.71000671386719
s,16,284375,4550000,3,68.05311143398285,5053413,0.0068726778030395504,79.71000671386719
s,16,284375,4550000,4,61.067014932632446,5053413,0.006172037124633789,79.71000671386719
s,16,284375,4550000,5,56.93177878856659,5053413,0.005751967430114746,79.71000671386719
s,16,284375,4550000,6,56.24309182167053,5053413,0.005676150321960449,79.71000671386719
s,16,284375,4550000,7,56.649357080459595,5053413,0.005733084678649902,79.71000671386719
s,16,284375,4550000,8,56.090980768203735,5053413,0.005669546127319336,79.71000671386719
s,16,284375,4550000,9,55.91282248497009,5053413,0.005639719963073731,79.71000671386719
