scaling,world,rows,max_value,rank,avg_t,tot_l,avg_l,max_t
s,2,2275000,4550000,0,514.733076095581,5057593,0.051826310157775876,514.7111415863037
s,2,2275000,4550000,1,494.4584369659424,5057593,0.049482321739196776,514.7111415863037
s,2,2275000,4550000,2,482.5010299682617,5057593,0.04827868938446045,514.7111415863037
s,2,2275000,4550000,3,486.2769842147827,5057593,0.04865295886993408,514.7111415863037
s,2,2275000,4550000,4,483.8569164276123,5057593,0.048411083221435544,514.7111415863037
s,2,2275000,4550000,5,484.40635204315186,5057593,0.04846506118774414,514.7111415863037
s,2,2275000,4550000,6,489.0577793121338,5057593,0.04893045425415039,514.7111415863037
s,2,2275000,4550000,7,487.59913444519043,5057593,0.04878675937652588,514.7111415863037
s,2,2275000,4550000,8,487.97309398651123,5057593,0.048835349082946775,514.7111415863037
s,2,2275000,4550000,9,493.6327934265137,5057593,0.04939677715301514,514.7111415863037
