scaling,world,rows,max_value,rank,avg_t,tot_l,elapsed_t,max_t,com_init_t,barrier_t
s,4,1137500,4550000,0,269.847571849823,5057786,3.648042678833008,1079.390287399292,470.9022045135498,4.551410675048828
s,4,1137500,4550000,1,243.67433786392212,5057786,0.6957054138183594,1079.390287399292,470.9022045135498,1.6903877258300781
s,4,1137500,4550000,2,239.46094512939453,5057786,0.396728515625,1079.390287399292,470.9022045135498,3.2041072845458984
s,4,1137500,4550000,3,236.39529943466187,5057786,0.5812644958496094,1079.390287399292,470.9022045135498,0.8521080017089844
s,4,1137500,4550000,4,238.99132013320923,5057786,0.3654956817626953,1079.390287399292,470.9022045135498,0.11444091796875
s,4,1137500,4550000,5,236.48154735565186,5057786,0.35119056701660156,1079.390287399292,470.9022045135498,1.8177032470703125
s,4,1137500,4550000,6,243.1623935699463,5057786,0.40841102600097656,1079.390287399292,470.9022045135498,0.2677440643310547
s,4,1137500,4550000,7,241.133451461792,5057786,0.33926963806152344,1079.390287399292,470.9022045135498,0.7402896881103516
s,4,1137500,4550000,8,440.9824013710022,5057786,0.408172607421875,1763.9296054840088,470.9022045135498,0.5326271057128906
s,4,1137500,4550000,9,244.28844451904297,5057786,0.3943443298339844,1763.9296054840088,470.9022045135498,0.11157989501953125
