scaling,world,rows,max_value,rank,avg_t,tot_l,elapsed_t,max_t,com_init_t,barrier_t
s,16,284375,4550000,0,77.1464854478836,5053413,3.8547515869140625,1234.3437671661377,735.7008457183838,3.6301612854003906
s,16,284375,4550000,1,60.77714264392853,5053413,0.43320655822753906,1234.3437671661377,735.7008457183838,2.822399139404297
s,16,284375,4550000,2,57.57763981819153,5053413,0.4649162292480469,1234.3437671661377,735.7008457183838,2.2363662719726562
s,16,284375,4550000,3,58.77472460269928,5053413,0.4057884216308594,1234.3437671661377,735.7008457183838,1.9755363464355469
s,16,284375,4550000,4,62.68538534641266,5053413,0.4982948303222656,1234.3437671661377,735.7008457183838,2.5093555450439453
s,16,284375,4550000,5,67.05068051815033,5053413,0.8287429809570312,1234.3437671661377,735.7008457183838,2.35748291015625
s,16,284375,4550000,6,59.025704860687256,5053413,0.4189014434814453,1234.3437671661377,735.7008457183838,2.343893051147461
s,16,284375,4550000,7,56.84360861778259,5053413,0.396728515625,1234.3437671661377,735.7008457183838,1.3418197631835938
s,16,284375,4550000,8,57.41836130619049,5053413,0.39958953857421875,1234.3437671661377,735.7008457183838,1.875162124633789
s,16,284375,4550000,9,57.01892077922821,5053413,0.40030479431152344,1234.3437671661377,735.7008457183838,1.3124942779541016
