scaling,world,rows,max_value,rank,avg_t,tot_l,avg_l,max_t
s,1,4550000,4550000,0,1432.091474533081,5056602,0.14367163181304932,1432.091474533081
s,1,4550000,4550000,1,1443.74680519104,5056602,0.14438602924346924,1443.74680519104
s,1,4550000,4550000,2,1430.3977489471436,5056602,0.14305078983306885,1443.74680519104
s,1,4550000,4550000,3,1446.4223384857178,5056602,0.14465415477752686,1446.4223384857178
s,1,4550000,4550000,4,1440.7503604888916,5056602,0.14408633708953858,1446.4223384857178
s,1,4550000,4550000,5,1487.8122806549072,5056602,0.14879226684570312,1487.8122806549072
s,1,4550000,4550000,6,1465.6858444213867,5056602,0.14657988548278808,1487.8122806549072
s,1,4550000,4550000,7,1457.9083919525146,5056602,0.14580237865447998,1487.8122806549072
s,1,4550000,4550000,8,1429.7831058502197,5056602,0.14299986362457276,1487.8122806549072
s,1,4550000,4550000,9,1458.144187927246,5056602,0.1458251953125,1487.8122806549072
