scaling,world,rows,max_value,rank,avg_t,tot_l,avg_l,max_t
s,2,2275000,4550000,0,511.654257774353,5057593,0.05152683258056641,511.65080070495605
s,2,2275000,4550000,1,488.87932300567627,5057593,0.048921751976013186,511.65080070495605
s,2,2275000,4550000,2,478.1762361526489,5057593,0.04785056114196777,511.65080070495605
s,2,2275000,4550000,3,479.9513816833496,5057593,0.04801743030548096,511.65080070495605
s,2,2275000,4550000,4,479.1210889816284,5057593,0.047944498062133786,511.65080070495605
s,2,2275000,4550000,5,480.8657169342041,5057593,0.04811272621154785,511.65080070495605
s,2,2275000,4550000,6,484.4421148300171,5057593,0.048473143577575685,511.65080070495605
s,2,2275000,4550000,7,485.9786033630371,5057593,0.04863042831420898,511.65080070495605
s,2,2275000,4550000,8,488.16680908203125,5057593,0.048856139183044434,511.65080070495605
s,2,2275000,4550000,9,481.1515808105469,5057593,0.04814445972442627,511.65080070495605
