scaling,world,rows,max_value,rank,avg_t,tot_l,elapsed_t,max_t,com_init_t,barrier_t
s,1,4550000,4550000,0,912.1792316436768,5056602,3.737926483154297,912.1792316436768,120.97454071044922,0.06365776062011719
s,1,4550000,4550000,1,907.2868824005127,5056602,0.0896453857421875,912.1792316436768,120.97454071044922,0.014781951904296875
s,1,4550000,4550000,2,905.8482646942139,5056602,0.08940696716308594,912.1792316436768,120.97454071044922,0.01239776611328125
s,1,4550000,4550000,3,905.632495880127,5056602,0.09083747863769531,912.1792316436768,120.97454071044922,0.012636184692382812
s,1,4550000,4550000,4,899.92356300354,5056602,0.19931793212890625,912.1792316436768,120.97454071044922,0.034809112548828125
s,1,4550000,4550000,5,901.7078876495361,5056602,0.1964569091796875,912.1792316436768,120.97454071044922,0.034332275390625
s,1,4550000,4550000,6,899.0099430084229,5056602,0.09059906005859375,912.1792316436768,120.97454071044922,0.01239776611328125
s,1,4550000,4550000,7,901.0076522827148,5056602,0.1900196075439453,912.1792316436768,120.97454071044922,0.03695487976074219
s,1,4550000,4550000,8,904.1430950164795,5056602,0.11515617370605469,912.1792316436768,120.97454071044922,0.021696090698242188
s,1,4550000,4550000,9,899.7616767883301,5056602,0.08940696716308594,912.1792316436768,120.97454071044922,0.013113021850585938
