scaling,world,rows,max_value,rank,avg_t,tot_l,elapsed_t,max_t,com_init_t,barrier_t
s,8,568750,4550000,0,148.69806170463562,5053674,3.6203861236572266,1189.584493637085,447.7071762084961,8.630514144897461
s,8,568750,4550000,1,112.09827661514282,5053674,0.3364086151123047,1189.584493637085,447.7071762084961,1.8758773803710938
s,8,568750,4550000,2,118.63973736763,5053674,0.4925727844238281,1189.584493637085,447.7071762084961,3.5309791564941406
s,8,568750,4550000,3,117.74250864982605,5053674,0.38743019104003906,1189.584493637085,447.7071762084961,1.8815994262695312
s,8,568750,4550000,4,112.54408955574036,5053674,0.3991127014160156,1189.584493637085,447.7071762084961,1.5625953674316406
s,8,568750,4550000,5,113.00075054168701,5053674,0.3216266632080078,1189.584493637085,447.7071762084961,2.0418167114257812
s,8,568750,4550000,6,111.62924766540527,5053674,0.3695487976074219,1189.584493637085,447.7071762084961,1.6741752624511719
s,8,568750,4550000,7,111.80314421653748,5053674,0.3731250762939453,1189.584493637085,447.7071762084961,2.871990203857422
s,8,568750,4550000,8,111.4952564239502,5053674,0.3192424774169922,1189.584493637085,447.7071762084961,1.7287731170654297
s,8,568750,4550000,9,113.56651782989502,5053674,0.3829002380371094,1189.584493637085,447.7071762084961,0.12564659118652344
