scaling,world,rows,max_value,rank,avg_t,tot_l,elapsed_t,max_t,com_init_t,barrier_t
s,4,1137500,4550000,0,271.59881591796875,5057786,3.726482391357422,1086.395263671875,457.9429626464844,4.921674728393555
s,4,1137500,4550000,1,248.53515625,5057786,0.41675567626953125,1086.395263671875,457.9429626464844,0.13446807861328125
s,4,1137500,4550000,2,242.359459400177,5057786,0.3085136413574219,1086.395263671875,457.9429626464844,0.11396408081054688
s,4,1137500,4550000,3,243.3333396911621,5057786,0.3502368927001953,1086.395263671875,457.9429626464844,1.2598037719726562
s,4,1137500,4550000,4,238.85154724121094,5057786,0.27823448181152344,1086.395263671875,457.9429626464844,0.11038780212402344
s,4,1137500,4550000,5,238.75606060028076,5057786,0.2770423889160156,1086.395263671875,457.9429626464844,0.12326240539550781
s,4,1137500,4550000,6,236.88775300979614,5057786,0.2655982971191406,1086.395263671875,457.9429626464844,0.8339881896972656
s,4,1137500,4550000,7,237.48832941055298,5057786,0.31280517578125,1086.395263671875,457.9429626464844,0.3917217254638672
s,4,1137500,4550000,8,236.73808574676514,5057786,0.2505779266357422,1086.395263671875,457.9429626464844,0.164031982421875
s,4,1137500,4550000,9,238.13319206237793,5057786,0.25773048400878906,1086.395263671875,457.9429626464844,0.843048095703125
