scaling,world,rows,max_value,rank,avg_t,tot_l,avg_l,max_t
s,1,4550000,4550000,0,1095.2644348144531,5056602,0.10988726615905761,1095.2644348144531
s,1,4550000,4550000,1,1071.4256763458252,5056602,0.10715196132659913,1095.2644348144531
s,1,4550000,4550000,2,1075.763463973999,5056602,0.10758647918701172,1095.2644348144531
s,1,4550000,4550000,3,1103.7566661834717,5056602,0.11039679050445557,1103.7566661834717
s,1,4550000,4550000,4,1093.6992168426514,5056602,0.109379243850708,1103.7566661834717
s,1,4550000,4550000,5,1087.56422996521,5056602,0.10877480506896972,1103.7566661834717
s,1,4550000,4550000,6,1070.7762241363525,5056602,0.10708901882171631,1103.7566661834717
s,1,4550000,4550000,7,1096.6086387634277,5056602,0.10967032909393311,1103.7566661834717
s,1,4550000,4550000,8,1071.0468292236328,5056602,0.1071155309677124,1103.7566661834717
s,1,4550000,4550000,9,1100.4345417022705,5056602,0.11005270481109619,1103.7566661834717
