scaling,world,rows,max_value,rank,avg_t,tot_l,avg_l,max_t
s,4,1137500,4550000,0,263.6040449142456,5057786,0.026721930503845213,263.62085342407227
s,4,1137500,4550000,1,241.25760793685913,5057786,0.024167728424072266,263.62085342407227
s,4,1137500,4550000,2,242.0254349708557,5057786,0.024238228797912598,263.62085342407227
s,4,1137500,4550000,3,238.1334900856018,5057786,0.02385082244873047,263.62085342407227
s,4,1137500,4550000,4,238.23505640029907,5057786,0.023867034912109376,263.62085342407227
s,4,1137500,4550000,5,238.0797266960144,5057786,0.02384943962097168,263.62085342407227
s,4,1137500,4550000,6,237.40845918655396,5057786,0.02378242015838623,263.62085342407227
s,4,1137500,4550000,7,235.06075143814087,5057786,0.023548698425292967,263.62085342407227
s,4,1137500,4550000,8,237.2000217437744,5057786,0.023761868476867676,263.62085342407227
s,4,1137500,4550000,9,234.541654586792,5057786,0.023492097854614258,263.62085342407227
