scaling,world,rows,max_value,rank,avg_t,tot_l,avg_l,max_t
s,2,2275000,4550000,0,515.5915021896362,5057593,0.0519136905670166,515.6114101409912
s,2,2275000,4550000,1,491.7348623275757,5057593,0.04920651912689209,515.6114101409912
s,2,2275000,4550000,2,490.04340171813965,5057593,0.04902980327606201,515.6114101409912
s,2,2275000,4550000,3,484.48336124420166,5057593,0.048470377922058105,515.6114101409912
s,2,2275000,4550000,4,484.14289951324463,5057593,0.048440957069396974,515.6114101409912
s,2,2275000,4550000,5,490.29743671417236,5057593,0.04905397891998291,515.6114101409912
s,2,2275000,4550000,6,488.11984062194824,5057593,0.04883394241333008,515.6114101409912
s,2,2275000,4550000,7,486.6199493408203,5057593,0.0486865758895874,515.6114101409912
s,2,2275000,4550000,8,485.87286472320557,5057593,0.04862256050109863,515.6114101409912
s,2,2275000,4550000,9,487.46275901794434,5057593,0.04877166748046875,515.6114101409912
