scaling,world,rows,max_value,rank,avg_t,tot_l,elapsed_t,max_t,com_init_t,barrier_t
s,8,568750,4550000,0,145.4719603061676,5053674,3.6363601684570312,1163.7756824493408,448.9779472351074,6.532907485961914
s,8,568750,4550000,1,115.19202589988708,5053674,0.3101825714111328,1163.7756824493408,448.9779472351074,1.7287731170654297
s,8,568750,4550000,2,120.13807892799377,5053674,0.5462169647216797,1163.7756824493408,448.9779472351074,3.130674362182617
s,8,568750,4550000,3,119.92001533508301,5053674,0.4150867462158203,1163.7756824493408,448.9779472351074,3.972291946411133
s,8,568750,4550000,4,116.2339448928833,5053674,0.3952980041503906,1163.7756824493408,448.9779472351074,3.1669139862060547
s,8,568750,4550000,5,115.90272188186646,5053674,0.42748451232910156,1163.7756824493408,448.9779472351074,3.4253597259521484
s,8,568750,4550000,6,114.5995557308197,5053674,0.4057884216308594,1163.7756824493408,448.9779472351074,2.248525619506836
s,8,568750,4550000,7,115.34878611564636,5053674,0.45180320739746094,1163.7756824493408,448.9779472351074,2.3729801177978516
s,8,568750,4550000,8,117.76670813560486,5053674,0.4298686981201172,1163.7756824493408,448.9779472351074,6.217479705810547
s,8,568750,4550000,9,114.73533511161804,5053674,0.41794776916503906,1163.7756824493408,448.9779472351074,1.1143684387207031
