scaling,world,rows,max_value,rank,avg_t,tot_l,avg_l,max_t
s,2,2275000,4550000,0,633.7112188339233,5057593,0.06373403072357178,633.7120532989502
s,2,2275000,4550000,1,647.4123001098633,5057593,0.06478602886199951,647.4547386169434
s,2,2275000,4550000,2,585.7338905334473,5057593,0.05861167907714844,647.4547386169434
s,2,2275000,4550000,3,660.5299711227417,5057593,0.06608076095581054,660.5594158172607
s,2,2275000,4550000,4,577.0728588104248,5057593,0.0577406644821167,660.5594158172607
s,2,2275000,4550000,5,608.8145971298218,5057593,0.0609130859375,660.5594158172607
s,2,2275000,4550000,6,616.7259216308594,5057593,0.06171748638153076,660.5594158172607
s,2,2275000,4550000,7,568.076491355896,5057593,0.05683975219726563,660.5594158172607
s,2,2275000,4550000,8,594.9195623397827,5057593,0.05953540802001953,660.5594158172607
s,2,2275000,4550000,9,615.1671409606934,5057593,0.061560845375061034,660.5594158172607
