scaling,world,rows,max_value,rank,avg_t,tot_l,avg_l,max_t
s,1,4550000,4550000,0,1092.0817852020264,5056602,0.10956549644470215,1092.0817852020264
s,1,4550000,4550000,1,1067.3985481262207,5056602,0.10674924850463867,1092.0817852020264
s,1,4550000,4550000,2,1070.6300735473633,5056602,0.10707440376281738,1092.0817852020264
s,1,4550000,4550000,3,1098.2422828674316,5056602,0.10984406471252442,1098.2422828674316
s,1,4550000,4550000,4,1088.653564453125,5056602,0.10887486934661865,1098.2422828674316
s,1,4550000,4550000,5,1083.70041847229,5056602,0.10838871002197266,1098.2422828674316
s,1,4550000,4550000,6,1066.6768550872803,5056602,0.1066786766052246,1098.2422828674316
s,1,4550000,4550000,7,1089.5240306854248,5056602,0.10896155834197999,1098.2422828674316
s,1,4550000,4550000,8,1067.389965057373,5056602,0.1067500114440918,1098.2422828674316
s,1,4550000,4550000,9,1097.041368484497,5056602,0.10971391201019287,1098.2422828674316
