scaling,world,rows,max_value,rank,avg_t,tot_l,elapsed_t,max_t,com_init_t,barrier_t
s,4,1137500,4550000,0,268.01061630249023,5057786,5.553483963012695,1072.042465209961,435.38689613342285,0.9300708770751953
s,4,1137500,4550000,1,245.78183889389038,5057786,0.44274330139160156,1072.042465209961,435.38689613342285,0.14281272888183594
s,4,1137500,4550000,2,241.21445417404175,5057786,0.36716461181640625,1072.042465209961,435.38689613342285,0.8077621459960938
s,4,1137500,4550000,3,239.8168444633484,5057786,0.31638145446777344,1072.042465209961,435.38689613342285,0.1404285430908203
s,4,1137500,4550000,4,237.63906955718994,5057786,0.3383159637451172,1072.042465209961,435.38689613342285,0.13208389282226562
s,4,1137500,4550000,5,238.19249868392944,5057786,0.27823448181152344,1072.042465209961,435.38689613342285,0.13327598571777344
s,4,1137500,4550000,6,241.87690019607544,5057786,0.26297569274902344,1072.042465209961,435.38689613342285,0.15425682067871094
s,4,1137500,4550000,7,241.99622869491577,5057786,0.2529621124267578,1072.042465209961,435.38689613342285,0.13828277587890625
s,4,1137500,4550000,8,237.01560497283936,5057786,0.3001689910888672,1072.042465209961,435.38689613342285,0.12373924255371094
s,4,1137500,4550000,9,237.9242181777954,5057786,0.29015541076660156,1072.042465209961,435.38689613342285,1.4395713806152344
