scaling,world,rows,max_value,rank,avg_t,tot_l,avg_l,max_t
s,8,568750,4550000,0,151.93825960159302,5053674,0.015570878982543945,151.92556381225586
s,8,568750,4550000,1,119.63990330696106,5053674,0.012019753456115723,151.92556381225586
s,8,568750,4550000,2,126.05097889900208,5053674,0.012656402587890626,151.92556381225586
s,8,568750,4550000,3,119.29044127464294,5053674,0.011977052688598633,151.92556381225586
s,8,568750,4550000,4,116.8820858001709,5053674,0.011731815338134766,151.92556381225586
s,8,568750,4550000,5,117.27723479270935,5053674,0.011775660514831542,151.92556381225586
s,8,568750,4550000,6,114.39421772956848,5053674,0.011488628387451173,151.92556381225586
s,8,568750,4550000,7,115.65214395523071,5053674,0.01160428524017334,151.92556381225586
s,8,568750,4550000,8,115.76294898986816,5053674,0.011621499061584472,151.92556381225586
s,8,568750,4550000,9,116.07486009597778,5053674,0.0116499662399292,151.92556381225586
