scaling,world,rows,max_value,rank,avg_t,tot_l,avg_l,max_t
s,4,1137500,4550000,0,370.8825707435608,5057786,0.03749351501464844,370.8922863006592
s,4,1137500,4550000,1,326.77948474884033,5057786,0.032721734046936034,370.8922863006592
s,4,1137500,4550000,2,314.388632774353,5057786,0.031493854522705075,370.8922863006592
s,4,1137500,4550000,3,320.5910921096802,5057786,0.032103323936462404,370.8922863006592
s,4,1137500,4550000,4,317.8326487541199,5057786,0.03183126449584961,370.8922863006592
s,4,1137500,4550000,5,312.81977891921997,5057786,0.031328988075256345,370.8922863006592
s,4,1137500,4550000,6,310.71746349334717,5057786,0.031119513511657714,370.8922863006592
s,4,1137500,4550000,7,308.03990364074707,5057786,0.03084690570831299,370.8922863006592
s,4,1137500,4550000,8,310.6505274772644,5057786,0.03111531734466553,370.8922863006592
s,4,1137500,4550000,9,306.6587448120117,5057786,0.030721044540405272,370.8922863006592
