scaling,world,rows,max_value,rank,avg_t,tot_l,elapsed_t,max_t,com_init_t,barrier_t
s,1,4550000,4550000,0,897.7172374725342,5056602,3.4897327423095703,897.7172374725342,127.26330757141113,0.05888938903808594
s,1,4550000,4550000,1,891.2386894226074,5056602,0.09179115295410156,897.7172374725342,127.26330757141113,0.012874603271484375
s,1,4550000,4550000,2,889.6975517272949,5056602,0.08559226989746094,897.7172374725342,127.26330757141113,0.011205673217773438
s,1,4550000,4550000,3,890.9139633178711,5056602,0.1952648162841797,897.7172374725342,127.26330757141113,0.03528594970703125
s,1,4550000,4550000,4,893.2716846466064,5056602,0.19598007202148438,897.7172374725342,127.26330757141113,0.03314018249511719
s,1,4550000,4550000,5,892.1504020690918,5056602,0.08511543273925781,897.7172374725342,127.26330757141113,0.01239776611328125
s,1,4550000,4550000,6,889.9240493774414,5056602,0.08368492126464844,897.7172374725342,127.26330757141113,0.011682510375976562
s,1,4550000,4550000,7,891.2239074707031,5056602,0.08821487426757812,897.7172374725342,127.26330757141113,0.011444091796875
s,1,4550000,4550000,8,889.7020816802979,5056602,0.091552734375,897.7172374725342,127.26330757141113,0.011920928955078125
s,1,4550000,4550000,9,893.0034637451172,5056602,0.19049644470214844,897.7172374725342,127.26330757141113,0.035762786865234375
