scaling,world,rows,max_value,rank,avg_t,tot_l,elapsed_t,max_t,com_init_t,barrier_t
s,4,1137500,4550000,0,275.93666315078735,5057786,3.639698028564453,1103.7466526031494,488.0216121673584,4.221916198730469
s,4,1137500,4550000,1,243.81661415100098,5057786,0.38909912109375,1103.7466526031494,488.0216121673584,0.7007122039794922
s,4,1137500,4550000,2,239.41856622695923,5057786,0.5369186401367188,1103.7466526031494,488.0216121673584,0.1404285430908203
s,4,1137500,4550000,3,443.8422918319702,5057786,0.3440380096435547,1775.3691673278809,488.0216121673584,0.14209747314453125
s,4,1137500,4550000,4,240.21023511886597,5057786,0.2779960632324219,1775.3691673278809,488.0216121673584,0.12063980102539062
s,4,1137500,4550000,5,239.1074299812317,5057786,0.2899169921875,1775.3691673278809,488.0216121673584,0.3693103790283203
s,4,1137500,4550000,6,239.41051959991455,5057786,0.27942657470703125,1775.3691673278809,488.0216121673584,0.15163421630859375
s,4,1137500,4550000,7,242.95902252197266,5057786,0.2715587615966797,1775.3691673278809,488.0216121673584,0.1819133758544922
s,4,1137500,4550000,8,237.99699544906616,5057786,0.27680397033691406,1775.3691673278809,488.0216121673584,1.0099411010742188
s,4,1137500,4550000,9,239.91918563842773,5057786,0.3056526184082031,1775.3691673278809,488.0216121673584,2.001523971557617
