scaling,world,rows,max_value,rank,avg_t,tot_l,elapsed_t,max_t,com_init_t,barrier_t
s,4,1137500,4550000,0,274.85060691833496,5057786,3.6962032318115234,1099.4024276733398,511.3706588745117,10.52403450012207
s,4,1137500,4550000,1,247.34628200531006,5057786,0.45800209045410156,1099.4024276733398,511.3706588745117,1.4615058898925781
s,4,1137500,4550000,2,239.7230863571167,5057786,0.2741813659667969,1099.4024276733398,511.3706588745117,0.9455680847167969
s,4,1137500,4550000,3,239.95047807693481,5057786,0.3337860107421875,1099.4024276733398,511.3706588745117,0.22220611572265625
s,4,1137500,4550000,4,444.06360387802124,5057786,0.3559589385986328,1776.254415512085,511.3706588745117,1.0373592376708984
s,4,1137500,4550000,5,238.4096384048462,5057786,0.29468536376953125,1776.254415512085,511.3706588745117,1.6946792602539062
s,4,1137500,4550000,6,244.53753232955933,5057786,0.2613067626953125,1776.254415512085,511.3706588745117,3.1042098999023438
s,4,1137500,4550000,7,239.92735147476196,5057786,0.308990478515625,1776.254415512085,511.3706588745117,0.21457672119140625
s,4,1137500,4550000,8,240.0992512702942,5057786,0.32901763916015625,1776.254415512085,511.3706588745117,1.8706321716308594
s,4,1137500,4550000,9,240.91482162475586,5057786,0.28777122497558594,1776.254415512085,511.3706588745117,4.270792007446289
