scaling,world,rows,max_value,rank,avg_t,tot_l,avg_l,max_t
s,2,2275000,4550000,0,523.5738754272461,5057593,0.05271713733673096,523.5662460327148
s,2,2275000,4550000,1,501.0967254638672,5057593,0.05014588832855225,523.5662460327148
s,2,2275000,4550000,2,499.34136867523193,5057593,0.049960875511169435,523.5662460327148
s,2,2275000,4550000,3,499.0124702453613,5057593,0.049928903579711914,523.5662460327148
s,2,2275000,4550000,4,497.20704555511475,5057593,0.04974486827850342,523.5662460327148
s,2,2275000,4550000,5,496.290922164917,5057593,0.04965925216674805,523.5662460327148
s,2,2275000,4550000,6,499.1316795349121,5057593,0.04993865489959717,523.5662460327148
s,2,2275000,4550000,7,499.97055530548096,5057593,0.05002198219299316,523.5662460327148
s,2,2275000,4550000,8,501.3082027435303,5057593,0.050169849395751955,523.5662460327148
s,2,2275000,4550000,9,505.9480667114258,5057593,0.050621318817138675,523.5662460327148
