scaling,world,rows,max_value,rank,avg_t,tot_l,elapsed_t,max_t,com_init_t,barrier_t
s,2,2275000,4550000,0,504.815936088562,5057593,3.47900390625,1009.631872177124,514.9784088134766,5.420446395874023
s,2,2275000,4550000,1,482.7103614807129,5057593,0.3046989440917969,1009.631872177124,514.9784088134766,2.4116039276123047
s,2,2275000,4550000,2,479.3614149093628,5057593,0.2486705780029297,1009.631872177124,514.9784088134766,0.07772445678710938
s,2,2275000,4550000,3,477.6855707168579,5057593,0.2689361572265625,1009.631872177124,514.9784088134766,0.07939338684082031
s,2,2275000,4550000,4,487.575888633728,5057593,0.20551681518554688,1009.631872177124,514.9784088134766,7.565975189208984
s,2,2275000,4550000,5,478.0217409133911,5057593,0.25010108947753906,1009.631872177124,514.9784088134766,0.8738040924072266
s,2,2275000,4550000,6,476.7569303512573,5057593,0.20837783813476562,1009.631872177124,514.9784088134766,0.40078163146972656
s,2,2275000,4550000,7,478.37090492248535,5057593,0.2067089080810547,1009.631872177124,514.9784088134766,1.2493133544921875
s,2,2275000,4550000,8,477.9289960861206,5057593,0.3364086151123047,1009.631872177124,514.9784088134766,0.12135505676269531
s,2,2275000,4550000,9,479.95734214782715,5057593,0.2732276916503906,1009.631872177124,514.9784088134766,0.08106231689453125
