scaling,world,rows,max_value,rank,avg_t,tot_l,avg_l,max_t
s,4,1137500,4550000,0,337.12416887283325,5057786,0.03410959243774414,337.1424674987793
s,4,1137500,4550000,1,312.4953508377075,5057786,0.03129823207855224,337.1424674987793
s,4,1137500,4550000,2,314.2516016960144,5057786,0.03147592544555664,337.1424674987793
s,4,1137500,4550000,3,258.639395236969,5057786,0.025901389122009278,337.1424674987793
s,4,1137500,4550000,4,245.30553817749023,5057786,0.024574017524719237,337.1424674987793
s,4,1137500,4550000,5,242.38616228103638,5057786,0.0242786169052124,337.1424674987793
s,4,1137500,4550000,6,248.1905221939087,5057786,0.024863362312316895,337.1424674987793
s,4,1137500,4550000,7,250.4035234451294,5057786,0.02508096694946289,337.1424674987793
s,4,1137500,4550000,8,250.69016218185425,5057786,0.02511110305786133,337.1424674987793
s,4,1137500,4550000,9,250.6570816040039,5057786,0.025098037719726563,337.1424674987793
