scaling,world,rows,max_value,rank,avg_t,tot_l,elapsed_t,max_t,com_init_t,barrier_t
s,16,284375,4550000,0,76.93493366241455,5053413,3.741025924682617,1230.9589385986328,774.2934226989746,7.601022720336914
s,16,284375,4550000,1,59.7025603055954,5053413,0.35381317138671875,1230.9589385986328,774.2934226989746,2.0058155059814453
s,16,284375,4550000,2,56.16059899330139,5053413,0.4687309265136719,1230.9589385986328,774.2934226989746,1.772165298461914
s,16,284375,4550000,3,61.022937297821045,5053413,0.5462169647216797,1230.9589385986328,774.2934226989746,6.084442138671875
s,16,284375,4550000,4,71.0848867893219,5053413,0.48923492431640625,1230.9589385986328,774.2934226989746,5.337715148925781
s,16,284375,4550000,5,60.22244691848755,5053413,0.3871917724609375,1230.9589385986328,774.2934226989746,1.8467903137207031
s,16,284375,4550000,6,55.70267140865326,5053413,0.3857612609863281,1230.9589385986328,774.2934226989746,1.9330978393554688
s,16,284375,4550000,7,55.24754524230957,5053413,0.38695335388183594,1230.9589385986328,774.2934226989746,1.2984275817871094
s,16,284375,4550000,8,55.27198314666748,5053413,0.38123130798339844,1230.9589385986328,774.2934226989746,0.8523464202880859
s,16,284375,4550000,9,55.312380194664,5053413,0.39958953857421875,1230.9589385986328,774.2934226989746,0.4928112030029297
