scaling,world,rows,max_value,rank,avg_t,tot_l,elapsed_t,max_t,com_init_t,barrier_t
s,16,284375,4550000,0,76.58867537975311,5053413,3.649473190307617,1225.4188060760498,736.0949516296387,4.717350006103516
s,16,284375,4550000,1,58.82890522480011,5053413,0.41365623474121094,1225.4188060760498,736.0949516296387,2.2993087768554688
s,16,284375,4550000,2,55.48262596130371,5053413,0.40984153747558594,1225.4188060760498,736.0949516296387,0.7109642028808594
s,16,284375,4550000,3,62.91112303733826,5053413,2.407073974609375,1225.4188060760498,736.0949516296387,8.130788803100586
s,16,284375,4550000,4,66.93372130393982,5053413,3.1442642211914062,1225.4188060760498,736.0949516296387,5.208015441894531
s,16,284375,4550000,5,63.423022627830505,5053413,0.4394054412841797,1225.4188060760498,736.0949516296387,1.895904541015625
s,16,284375,4550000,6,57.55065381526947,5053413,0.38886070251464844,1225.4188060760498,736.0949516296387,2.9451847076416016
s,16,284375,4550000,7,55.38485944271088,5053413,0.42629241943359375,1225.4188060760498,736.0949516296387,2.0351409912109375
s,16,284375,4550000,8,55.6613951921463,5053413,0.45752525329589844,1225.4188060760498,736.0949516296387,0.5345344543457031
s,16,284375,4550000,9,55.60623109340668,5053413,0.4100799560546875,1225.4188060760498,736.0949516296387,1.3515949249267578
