scaling,world,rows,max_value,rank,avg_t,tot_l,avg_l,max_t
s,16,284375,4550000,0,81.4344733953476,5053413,0.0085693359375,81.46309852600098
s,16,284375,4550000,1,62.024131417274475,5053413,0.006254148483276367,81.46309852600098
s,16,284375,4550000,2,64.03723359107971,5053413,0.006524825096130371,81.46309852600098
s,16,284375,4550000,3,71.52622938156128,5053413,0.0072295904159545895,81.46309852600098
s,16,284375,4550000,4,64.76554274559021,5053413,0.006525778770446777,81.46309852600098
s,16,284375,4550000,5,60.64325571060181,5053413,0.006142234802246094,81.46309852600098
s,16,284375,4550000,6,264.5399868488312,5053413,0.0265122652053833,264.5599842071533
s,16,284375,4550000,7,57.34360218048096,5053413,0.0057849884033203125,264.5599842071533
s,16,284375,4550000,8,57.00258910655975,5053413,0.0057556390762329105,264.5599842071533
s,16,284375,4550000,9,56.85509741306305,5053413,0.005742883682250977,264.5599842071533
