scaling,world,rows,max_value,rank,avg_t,tot_l,elapsed_t,max_t,com_init_t,barrier_t
s,8,568750,4550000,0,148.0676531791687,5053674,3.674745559692383,1184.5412254333496,487.99633979797363,7.049798965454102
s,8,568750,4550000,1,115.05717039108276,5053674,0.39005279541015625,1184.5412254333496,487.99633979797363,1.4185905456542969
s,8,568750,4550000,2,120.71704864501953,5053674,0.5517005920410156,1184.5412254333496,487.99633979797363,0.9796619415283203
s,8,568750,4550000,3,120.11417746543884,5053674,0.5834102630615234,1184.5412254333496,487.99633979797363,0.27823448181152344
s,8,568750,4550000,4,114.15141820907593,5053674,0.5502700805664062,1184.5412254333496,487.99633979797363,0.2923011779785156
s,8,568750,4550000,5,115.41002988815308,5053674,0.6046295166015625,1184.5412254333496,487.99633979797363,0.0934600830078125
s,8,568750,4550000,6,116.0496175289154,5053674,0.5004405975341797,1184.5412254333496,487.99633979797363,1.6660690307617188
s,8,568750,4550000,7,114.56486582756042,5053674,0.48160552978515625,1184.5412254333496,487.99633979797363,0.17952919006347656
s,8,568750,4550000,8,114.8717999458313,5053674,0.4813671112060547,1184.5412254333496,487.99633979797363,1.0097026824951172
s,8,568750,4550000,9,115.5255138874054,5053674,0.4940032958984375,1184.5412254333496,487.99633979797363,0.10251998901367188
