scaling,world,rows,max_value,rank,avg_t,tot_l,elapsed_t,max_t,com_init_t,barrier_t
s,1,4550000,4550000,0,905.8780670166016,5056602,3.516674041748047,905.8780670166016,177.6425838470459,0.06103515625
s,1,4550000,4550000,1,896.6138362884521,5056602,0.09083747863769531,905.8780670166016,177.6425838470459,0.014066696166992188
s,1,4550000,4550000,2,897.1850872039795,5056602,0.09751319885253906,905.8780670166016,177.6425838470459,0.0133514404296875
s,1,4550000,4550000,3,899.61838722229,5056602,0.08988380432128906,905.8780670166016,177.6425838470459,0.013828277587890625
s,1,4550000,4550000,4,899.346113204956,5056602,0.1850128173828125,905.8780670166016,177.6425838470459,0.03528594970703125
s,1,4550000,4550000,5,899.7533321380615,5056602,0.1862049102783203,905.8780670166016,177.6425838470459,0.03504753112792969
s,1,4550000,4550000,6,906.1226844787598,5056602,0.08749961853027344,906.1226844787598,177.6425838470459,0.01430511474609375
s,1,4550000,4550000,7,898.7517356872559,5056602,0.17714500427246094,906.1226844787598,177.6425838470459,0.029802322387695312
s,1,4550000,4550000,8,896.7554569244385,5056602,0.10395050048828125,906.1226844787598,177.6425838470459,0.019788742065429688
s,1,4550000,4550000,9,920.6717014312744,5056602,0.08702278137207031,920.6717014312744,177.6425838470459,0.01430511474609375
