scaling,world,rows,max_value,rank,avg_t,tot_l,elapsed_t,max_t,com_init_t,barrier_t
s,8,568750,4550000,0,148.49939942359924,5053674,3.7872791290283203,1187.995195388794,490.95964431762695,3.0107498168945312
s,8,568750,4550000,1,114.83553051948547,5053674,0.3743171691894531,1187.995195388794,490.95964431762695,1.7852783203125
s,8,568750,4550000,2,121.66911363601685,5053674,0.5249977111816406,1187.995195388794,490.95964431762695,4.237651824951172
s,8,568750,4550000,3,120.17935514450073,5053674,0.3705024719238281,1187.995195388794,490.95964431762695,1.783132553100586
s,8,568750,4550000,4,115.87068438529968,5053674,0.3943443298339844,1187.995195388794,490.95964431762695,2.328157424926758
s,8,568750,4550000,5,113.7036383152008,5053674,0.37097930908203125,1187.995195388794,490.95964431762695,2.0079612731933594
s,8,568750,4550000,6,114.36784267425537,5053674,0.4038810729980469,1187.995195388794,490.95964431762695,2.6772022247314453
s,8,568750,4550000,7,113.69284987449646,5053674,0.38695335388183594,1187.995195388794,490.95964431762695,1.8839836120605469
s,8,568750,4550000,8,114.70773816108704,5053674,0.4544258117675781,1187.995195388794,490.95964431762695,1.2493133544921875
s,8,568750,4550000,9,114.43060636520386,5053674,0.3628730773925781,1187.995195388794,490.95964431762695,1.7600059509277344
