scaling,world,rows,max_value,rank,avg_t,tot_l,avg_l,max_t
s,1,4550000,4550000,0,1089.0779495239258,5056602,0.10926542282104493,1089.0779495239258
s,1,4550000,4550000,1,1071.3965892791748,5056602,0.10715065002441407,1089.0779495239258
s,1,4550000,4550000,2,1066.5795803070068,5056602,0.1066669225692749,1089.0779495239258
s,1,4550000,4550000,3,1095.1604843139648,5056602,0.10953588485717773,1095.1604843139648
s,1,4550000,4550000,4,1088.8683795928955,5056602,0.10889585018157959,1095.1604843139648
s,1,4550000,4550000,5,1086.4555835723877,5056602,0.10866327285766601,1095.1604843139648
s,1,4550000,4550000,6,1068.4583187103271,5056602,0.10685694217681885,1095.1604843139648
s,1,4550000,4550000,7,1100.473403930664,5056602,0.11005704402923584,1100.473403930664
s,1,4550000,4550000,8,1067.4257278442383,5056602,0.10675263404846191,1100.473403930664
s,1,4550000,4550000,9,1087.6011848449707,5056602,0.10876920223236083,1100.473403930664
