scaling,world,rows,max_value,rank,avg_t,tot_l,avg_l,max_t
s,16,284375,4550000,0,81.00579679012299,5053413,0.008511590957641601,80.9786319732666
s,16,284375,4550000,1,62.3520165681839,5053413,0.006293606758117676,80.9786319732666
s,16,284375,4550000,2,57.44190514087677,5053413,0.00600590705871582,80.9786319732666
s,16,284375,4550000,3,72.25470244884491,5053413,0.007335805892944336,80.9786319732666
s,16,284375,4550000,4,63.16140294075012,5053413,0.006363558769226074,80.9786319732666
s,16,284375,4550000,5,260.50107181072235,5053413,0.026125121116638183,260.55359840393066
s,16,284375,4550000,6,56.46510422229767,5053413,0.005701828002929688,260.55359840393066
s,16,284375,4550000,7,56.50636553764343,5053413,0.005698180198669434,260.55359840393066
s,16,284375,4550000,8,56.621238589286804,5053413,0.005725646018981933,260.55359840393066
s,16,284375,4550000,9,55.91456592082977,5053413,0.005650615692138672,260.55359840393066
