scaling,world,rows,max_value,rank,avg_t,tot_l,avg_l,max_t
s,8,568750,4550000,0,151.3350009918213,5053674,0.015497493743896484,151.3350009918213
s,8,568750,4550000,1,120.33531069755554,5053674,0.012413334846496583,151.3350009918213
s,8,568750,4550000,2,126.25360488891602,5053674,0.012674999237060548,151.3350009918213
s,8,568750,4550000,3,118.10213327407837,5053674,0.011852908134460449,151.3350009918213
s,8,568750,4550000,4,117.52671003341675,5053674,0.011810946464538574,151.3350009918213
s,8,568750,4550000,5,116.80179834365845,5053674,0.011733651161193848,151.3350009918213
s,8,568750,4550000,6,115.6194806098938,5053674,0.011597251892089844,151.3350009918213
s,8,568750,4550000,7,115.19777774810791,5053674,0.011564302444458007,151.3350009918213
s,8,568750,4550000,8,116.82584881782532,5053674,0.01172940731048584,151.3350009918213
s,8,568750,4550000,9,116.58287048339844,5053674,0.011711835861206055,151.3350009918213
