scaling,world,rows,max_value,rank,avg_t,tot_l,elapsed_t,max_t,com_init_t,barrier_t
s,4,1137500,4550000,0,269.5208191871643,5057786,3.767728805541992,1078.0832767486572,8245.707511901855,10.226011276245117
s,4,1137500,4550000,1,245.92679738998413,5057786,0.38552284240722656,1078.0832767486572,8245.707511901855,1.2526512145996094
s,4,1137500,4550000,2,239.01253938674927,5057786,0.31566619873046875,1078.0832767486572,8245.707511901855,0.11348724365234375
s,4,1137500,4550000,3,237.31005191802979,5057786,0.2562999725341797,1078.0832767486572,8245.707511901855,1.215219497680664
s,4,1137500,4550000,4,235.9974980354309,5057786,0.30231475830078125,1078.0832767486572,8245.707511901855,0.1087188720703125
s,4,1137500,4550000,5,239.05175924301147,5057786,0.3020763397216797,1078.0832767486572,8245.707511901855,0.10919570922851562
s,4,1137500,4550000,6,236.9726300239563,5057786,0.2779960632324219,1078.0832767486572,8245.707511901855,0.11038780212402344
s,4,1137500,4550000,7,239.81434106826782,5057786,0.3337860107421875,1078.0832767486572,8245.707511901855,0.14162063598632812
s,4,1137500,4550000,8,239.04716968536377,5057786,0.31638145446777344,1078.0832767486572,8245.707511901855,0.11539459228515625
s,4,1137500,4550000,9,241.35178327560425,5057786,0.30994415283203125,1078.0832767486572,8245.707511901855,0.11014938354492188
