scaling,world,rows,max_value,rank,avg_t,tot_l,elapsed_t,max_t,com_init_t,barrier_t
s,16,284375,4550000,0,76.49753987789154,5053413,3.7145614624023438,1223.9606380462646,694.894552230835,3.5784244537353516
s,16,284375,4550000,1,59.63391065597534,5053413,0.4210472106933594,1223.9606380462646,694.894552230835,0.12946128845214844
s,16,284375,4550000,2,56.138888001441956,5053413,0.3535747528076172,1223.9606380462646,694.894552230835,1.5130043029785156
s,16,284375,4550000,3,57.67868459224701,5053413,0.3941059112548828,1223.9606380462646,694.894552230835,0.7717609405517578
s,16,284375,4550000,4,61.29157543182373,5053413,0.6227493286132812,1223.9606380462646,694.894552230835,6.922483444213867
s,16,284375,4550000,5,69.05579566955566,5053413,0.47969818115234375,1223.9606380462646,694.894552230835,1.768350601196289
s,16,284375,4550000,6,58.96885693073273,5053413,0.35953521728515625,1223.9606380462646,694.894552230835,1.7457008361816406
s,16,284375,4550000,7,55.87594211101532,5053413,0.3619194030761719,1223.9606380462646,694.894552230835,1.1534690856933594
s,16,284375,4550000,8,55.7168573141098,5053413,0.41937828063964844,1223.9606380462646,694.894552230835,0.9524822235107422
s,16,284375,4550000,9,56.09525740146637,5053413,0.41937828063964844,1223.9606380462646,694.894552230835,1.6922950744628906
