scaling,world,rows,max_value,rank,avg_t,tot_l,avg_l,max_t
s,8,568750,4550000,0,151.94565057754517,5053674,0.015566015243530273,151.96490287780762
s,8,568750,4550000,1,118.25022101402283,5053674,0.011867785453796386,151.96490287780762
s,8,568750,4550000,2,126.5929639339447,5053674,0.012709331512451173,151.96490287780762
s,8,568750,4550000,3,120.92456221580505,5053674,0.012140369415283203,151.96490287780762
s,8,568750,4550000,4,117.01127886772156,5053674,0.011747908592224122,151.96490287780762
s,8,568750,4550000,5,116.12057685852051,5053674,0.01165626049041748,151.96490287780762
s,8,568750,4550000,6,115.46221375465393,5053674,0.011590909957885743,151.96490287780762
s,8,568750,4550000,7,114.65218663215637,5053674,0.011511278152465821,151.96490287780762
s,8,568750,4550000,8,115.49076437950134,5053674,0.01159367561340332,151.96490287780762
s,8,568750,4550000,9,116.16012454032898,5053674,0.011657643318176269,151.96490287780762
